1001
  -0.0000000e+00   0.0000000e+00  -0.0000000e+00
  -3.9005836e-06   0.0000000e+00  -3.7084397e-04
  -1.5602304e-05   0.0000000e+00  -7.4024735e-04
  -3.5105070e-05   0.0000000e+00  -1.1082095e-03
  -6.2408730e-05   0.0000000e+00  -1.4747300e-03
  -9.7513070e-05   0.0000000e+00  -1.8398084e-03
  -1.4041782e-04   0.0000000e+00  -2.2034442e-03
  -1.9112263e-04   0.0000000e+00  -2.5656372e-03
  -2.4962713e-04   0.0000000e+00  -2.9263873e-03
  -3.1593084e-04   0.0000000e+00  -3.2856942e-03
  -3.9003326e-04   0.0000000e+00  -3.6435581e-03
  -4.7193380e-04   0.0000000e+00  -3.9999788e-03
  -5.6163183e-04   0.0000000e+00  -4.3549566e-03
  -6.5912664e-04   0.0000000e+00  -4.7084917e-03
  -7.6441748e-04   0.0000000e+00  -5.0605843e-03
  -8.7750352e-04   0.0000000e+00  -5.4112349e-03
  -9.9838389e-04   0.0000000e+00  -5.7604438e-03
  -1.1270576e-03   0.0000000e+00  -6.1082116e-03
  -1.2635237e-03   0.0000000e+00  -6.4545390e-03
  -1.4077812e-03   0.0000000e+00  -6.7994265e-03
  -1.5598288e-03   0.0000000e+00  -7.1428751e-03
  -1.7196654e-03   0.0000000e+00  -7.4848854e-03
  -1.8872898e-03   0.0000000e+00  -7.8254586e-03
  -2.0627006e-03   0.0000000e+00  -8.1645955e-03
  -2.2458965e-03   0.0000000e+00  -8.5022972e-03
  -2.4368760e-03   0.0000000e+00  -8.8385650e-03
  -2.6356377e-03   0.0000000e+00  -9.1734000e-03
  -2.8421800e-03   0.0000000e+00  -9.5068036e-03
  -3.0565013e-03   0.0000000e+00  -9.8387772e-03
  -3.2785999e-03   0.0000000e+00  -1.0169322e-02
  -3.5084741e-03   0.0000000e+00  -1.0498440e-02
  -3.7461221e-03   0.0000000e+00  -1.0826133e-02
  -3.9915420e-03   0.0000000e+00  -1.1152402e-02
  -4.2447320e-03   0.0000000e+00  -1.1477249e-02
  -4.5056900e-03   0.0000000e+00  -1.1800676e-02
  -4.7744140e-03   0.0000000e+00  -1.2122685e-02
  -5.0509020e-03   0.0000000e+00  -1.2443278e-02
  -5.3351517e-03   0.0000000e+00  -1.2762456e-02
  -5.6271610e-03   0.0000000e+00  -1.3080223e-02
  -5.9269276e-03   0.0000000e+00  -1.3396580e-02
  -6.2344490e-03   0.0000000e+00  -1.3711530e-02
  -6.5497230e-03   0.0000000e+00  -1.4025074e-02
  -6.8727471e-03   0.0000000e+00  -1.4337216e-02
  -7.2035187e-03   0.0000000e+00  -1.4647958e-02
  -7.5420353e-03   0.0000000e+00  -1.4957303e-02
  -7.8882943e-03   0.0000000e+00  -1.5265252e-02
  -8.2422928e-03   0.0000000e+00  -1.5571810e-02
  -8.6040283e-03   0.0000000e+00  -1.5876978e-02
  -8.9734977e-03   0.0000000e+00  -1.6180759e-02
  -9.3506984e-03   0.0000000e+00  -1.6483157e-02
  -9.7356272e-03   0.0000000e+00  -1.6784174e-02
  -1.0128281e-02   0.0000000e+00  -1.7083813e-02
  -1.0528658e-02   0.0000000e+00  -1.7382078e-02
  -1.0936753e-02   0.0000000e+00  -1.7678972e-02
  -1.1352564e-02   0.0000000e+00  -1.7974497e-02
  -1.1776088e-02   0.0000000e+00  -1.8268658e-02
  -1.2207321e-02   0.0000000e+00  -1.8561457e-02
  -1.2646260e-02   0.0000000e+00  -1.8852899e-02
  -1.3092901e-02   0.0000000e+00  -1.9142986e-02
  -1.3547242e-02   0.0000000e+00  -1.9431721e-02
  -1.4009278e-02   0.0000000e+00  -1.9719110e-02
  -1.4479005e-02   0.0000000e+00  -2.0005155e-02
  -1.4956421e-02   0.0000000e+00  -2.0289860e-02
  -1.5441522e-02   0.0000000e+00  -2.0573228e-02
  -1.5934303e-02   0.0000000e+00  -2.0855265e-02
  -1.6434761e-02   0.0000000e+00  -2.1135972e-02
  -1.6942892e-02   0.0000000e+00  -2.1415356e-02
  -1.7458693e-02   0.0000000e+00  -2.1693419e-02
  -1.7982158e-02   0.0000000e+00  -2.1970165e-02
  -1.8513283e-02   0.0000000e+00  -2.2245599e-02
  -1.9052066e-02   0.0000000e+00  -2.2519725e-02
  -1.9598501e-02   0.0000000e+00  -2.2792547e-02
  -2.0152585e-02   0.0000000e+00  -2.3064069e-02
  -2.0714312e-02   0.0000000e+00  -2.3334296e-02
  -2.1283679e-02   0.0000000e+00  -2.3603232e-02
  -2.1860681e-02   0.0000000e+00  -2.3870881e-02
  -2.2445314e-02   0.0000000e+00  -2.4137248e-02
  -2.3037573e-02   0.0000000e+00  -2.4402337e-02
  -2.3637453e-02   0.0000000e+00  -2.4666153e-02
  -2.4244950e-02   0.0000000e+00  -2.4928700e-02
  -2.4860059e-02   0.0000000e+00  -2.5189984e-02
  -2.5482776e-02   0.0000000e+00  -2.5450008e-02
  -2.6113094e-02   0.0000000e+00  -2.5708778e-02
  -2.6751011e-02   0.0000000e+00  -2.5966298e-02
  -2.7396519e-02   0.0000000e+00  -2.6222573e-02
  -2.8049615e-02   0.0000000e+00  -2.6477608e-02
  -2.8710294e-02   0.0000000e+00  -2.6731407e-02
  -2.9378549e-02   0.0000000e+00  -2.6983976e-02
  -3.0054377e-02   0.0000000e+00  -2.7235319e-02
  -3.0737771e-02   0.0000000e+00  -2.7485442e-02
  -3.1428727e-02   0.0000000e+00  -2.7734349e-02
  -3.2127238e-02   0.0000000e+00  -2.7982046e-02
  -3.2833301e-02   0.0000000e+00  -2.8228537e-02
  -3.3546908e-02   0.0000000e+00  -2.8473828e-02
  -3.4268054e-02   0.0000000e+00  -2.8717924e-02
  -3.4996735e-02   0.0000000e+00  -2.8960829e-02
  -3.5732944e-02   0.0000000e+00  -2.9202550e-02
  -3.6476675e-02   0.0000000e+00  -2.9443090e-02
  -3.7227922e-02   0.0000000e+00  -2.9682457e-02
  -3.7986681e-02   0.0000000e+00  -2.9920654e-02
  -3.8752944e-02   0.0000000e+00  -3.0157687e-02
  -3.9526706e-02   0.0000000e+00  -3.0393561e-02
  -4.0307961e-02   0.0000000e+00  -3.0628282e-02
  -4.1096703e-02   0.0000000e+00  -3.0861854e-02
  -4.1892925e-02   0.0000000e+00  -3.1094284e-02
  -4.2696621e-02   0.0000000e+00  -3.1325576e-02
  -4.3507786e-02   0.0000000e+00  -3.1555737e-02
  -4.4326412e-02   0.0000000e+00  -3.1784770e-02
  -4.5152494e-02   0.0000000e+00  -3.2012683e-02
  -4.5986025e-02   0.0000000e+00  -3.2239479e-02
  -4.6826998e-02   0.0000000e+00  -3.2465165e-02
  -4.7675407e-02   0.0000000e+00  -3.2689746e-02
  -4.8531245e-02   0.0000000e+00  -3.2913227e-02
  -4.9394506e-02   0.0000000e+00  -3.3135615e-02
  -5.0265183e-02   0.0000000e+00  -3.3356913e-02
  -5.1143268e-02   0.0000000e+00  -3.3577128e-02
  -5.2028756e-02   0.0000000e+00  -3.3796265e-02
  -5.2921639e-02   0.0000000e+00  -3.4014330e-02
  -5.3821911e-02   0.0000000e+00  -3.4231328e-02
  -5.4729563e-02   0.0000000e+00  -3.4447265e-02
  -5.5644590e-02   0.0000000e+00  -3.4662145e-02
  -5.6566984e-02   0.0000000e+00  -3.4875975e-02
  -5.7496738e-02   0.0000000e+00  -3.5088760e-02
  -5.8433845e-02   0.0000000e+00  -3.5300505e-02
  -5.9378297e-02   0.0000000e+00  -3.5511215e-02
  -6.0330086e-02   0.0000000e+00  -3.5720897e-02
  -6.1289207e-02   0.0000000e+00  -3.5929555e-02
  -6.2255650e-02   0.0000000e+00  -3.6137196e-02
  -6.3229409e-02   0.0000000e+00  -3.6343823e-02
  -6.4210476e-02   0.0000000e+00  -3.6549443e-02
  -6.5198843e-02   0.0000000e+00  -3.6754061e-02
  -6.6194502e-02   0.0000000e+00  -3.6957683e-02
  -6.7197447e-02   0.0000000e+00  -3.7160313e-02
  -6.8207668e-02   0.0000000e+00  -3.7361957e-02
  -6.9225158e-02   0.0000000e+00  -3.7562620e-02
  -7.0249910e-02   0.0000000e+00  -3.7762308e-02
  -7.1281914e-02   0.0000000e+00  -3.7961025e-02
  -7.2321164e-02   0.0000000e+00  -3.8158778e-02
  -7.3367651e-02   0.0000000e+00  -3.8355570e-02
  -7.4421366e-02   0.0000000e+00  -3.8551408e-02
  -7.5482302e-02   0.0000000e+00  -3.8746296e-02
  -7.6550450e-02   0.0000000e+00  -3.8940240e-02
  -7.7625803e-02   0.0000000e+00  -3.9133244e-02
  -7.8708351e-02   0.0000000e+00  -3.9325314e-02
  -7.9798086e-02   0.0000000e+00  -3.9516454e-02
  -8.0895000e-02   0.0000000e+00  -3.9706670e-02
  -8.1999084e-02   0.0000000e+00  -3.9895966e-02
  -8.3110329e-02   0.0000000e+00  -4.0084347e-02
  -8.4228727e-02   0.0000000e+00  -4.0271819e-02
  -8.5354269e-02   0.0000000e+00  -4.0458386e-02
  -8.6486947e-02   0.0000000e+00  -4.0644052e-02
  -8.7626751e-02   0.0000000e+00  -4.0828823e-02
  -8.8773672e-02   0.0000000e+00  -4.1012703e-02
  -8.9927703e-02   0.0000000e+00  -4.1195697e-02
  -9.1088832e-02   0.0000000e+00  -4.1377809e-02
  -9.2257053e-02   0.0000000e+00  -4.1559044e-02
  -9.3432355e-02   0.0000000e+00  -4.1739406e-02
  -9.4614729e-02   0.0000000e+00  -4.1918901e-02
  -9.5804166e-02   0.0000000e+00  -4.2097531e-02
  -9.7000657e-02   0.0000000e+00  -4.2275302e-02
  -9.8204193e-02   0.0000000e+00  -4.2452217e-02
  -9.9414763e-02   0.0000000e+00  -4.2628281e-02
  -1.0063236e-01   0.0000000e+00  -4.2803499e-02
  -1.0185697e-01   0.0000000e+00  -4.2977873e-02
  -1.0308859e-01   0.0000000e+00  -4.3151409e-02
  -1.0432721e-01   0.0000000e+00  -4.3324110e-02
  -1.0557281e-01   0.0000000e+00  -4.3495980e-02
  -1.0682539e-01   0.0000000e+00  -4.3667023e-02
  -1.0808494e-01   0.0000000e+00  -4.3837242e-02
  -1.0935144e-01   0.0000000e+00  -4.4006642e-02
  -1.1062490e-01   0.0000000e+00  -4.4175226e-02
  -1.1190529e-01   0.0000000e+00  -4.4342997e-02
  -1.1319261e-01   0.0000000e+00  -4.4509960e-02
  -1.1448685e-01   0.0000000e+00  -4.4676116e-02
  -1.1578800e-01   0.0000000e+00  -4.4841471e-02
  -1.1709604e-01   0.0000000e+00  -4.5006026e-02
  -1.1841098e-01   0.0000000e+00  -4.5169785e-02
  -1.1973279e-01   0.0000000e+00  -4.5332752e-02
  -1.2106146e-01   0.0000000e+00  -4.5494929e-02
  -1.2239700e-01   0.0000000e+00  -4.5656319e-02
  -1.2373938e-01   0.0000000e+00  -4.5816926e-02
  -1.2508859e-01   0.0000000e+00  -4.5976751e-02
  -1.2644463e-01   0.0000000e+00  -4.6135797e-02
  -1.2780749e-01   0.0000000e+00  -4.6294068e-02
  -1.2917715e-01   0.0000000e+00  -4.6451565e-02
  -1.3055360e-01   0.0000000e+00  -4.6608291e-02
  -1.3193684e-01   0.0000000e+00  -4.6764249e-02
  -1.3332685e-01   0.0000000e+00  -4.6919440e-02
  -1.3472362e-01   0.0000000e+00  -4.7073867e-02
  -1.3612714e-01   0.0000000e+00  -4.7227531e-02
  -1.3753740e-01   0.0000000e+00  -4.7380435e-02
  -1.3895438e-01   0.0000000e+00  -4.7532581e-02
  -1.4037809e-01   0.0000000e+00  -4.7683969e-02
  -1.4180850e-01   0.0000000e+00  -4.7834603e-02
  -1.4324560e-01   0.0000000e+00  -4.7984483e-02
  -1.4468939e-01   0.0000000e+00  -4.8133611e-02
  -1.4613985e-01   0.0000000e+00  -4.8281988e-02
  -1.4759698e-01   0.0000000e+00  -4.8429615e-02
  -1.4906075e-01   0.0000000e+00  -4.8576494e-02
  -1.5053116e-01   0.0000000e+00  -4.8722625e-02
  -1.5200819e-01   0.0000000e+00  -4.8868010e-02
  -1.5349185e-01   0.0000000e+00  -4.9012648e-02
  -1.5498210e-01   0.0000000e+00  -4.9156542e-02
  -1.5647895e-01   0.0000000e+00  -4.9299691e-02
  -1.5798238e-01   0.0000000e+00  -4.9442096e-02
  -1.5949238e-01   0.0000000e+00  -4.9583757e-02
  -1.6100893e-01   0.0000000e+00  -4.9724674e-02
  -1.6253203e-01   0.0000000e+00  -4.9864848e-02
  -1.6406167e-01   0.0000000e+00  -5.0004278e-02
  -1.6559782e-01   0.0000000e+00  -5.0142965e-02
  -1.6714048e-01   0.0000000e+00  -5.0280907e-02
  -1.6868964e-01   0.0000000e+00  -5.0418105e-02
  -1.7024529e-01   0.0000000e+00  -5.0554558e-02
  -1.7180741e-01   0.0000000e+00  -5.0690266e-02
  -1.7337599e-01   0.0000000e+00  -5.0825227e-02
  -1.7495102e-01   0.0000000e+00  -5.0959440e-02
  -1.7653248e-01   0.0000000e+00  -5.1092906e-02
  -1.7812037e-01   0.0000000e+00  -5.1225622e-02
  -1.7971467e-01   0.0000000e+00  -5.1357587e-02
  -1.8131537e-01   0.0000000e+00  -5.1488800e-02
  -1.8292246e-01   0.0000000e+00  -5.1619259e-02
  -1.8453592e-01   0.0000000e+00  -5.1748962e-02
  -1.8615574e-01   0.0000000e+00  -5.1877909e-02
  -1.8778191e-01   0.0000000e+00  -5.2006095e-02
  -1.8941442e-01   0.0000000e+00  -5.2133521e-02
  -1.9105325e-01   0.0000000e+00  -5.2260182e-02
  -1.9269839e-01   0.0000000e+00  -5.2386078e-02
  -1.9434983e-01   0.0000000e+00  -5.2511205e-02
  -1.9600755e-01   0.0000000e+00  -5.2635560e-02
  -1.9767155e-01   0.0000000e+00  -5.2759142e-02
  -1.9934181e-01   0.0000000e+00  -5.2881946e-02
  -2.0101831e-01   0.0000000e+00  -5.3003970e-02
  -2.0270104e-01   0.0000000e+00  -5.3125210e-02
  -2.0439000e-01   0.0000000e+00  -5.3245664e-02
  -2.0608516e-01   0.0000000e+00  -5.3365326e-02
  -2.0778651e-01   0.0000000e+00  -5.3484195e-02
  -2.0949405e-01   0.0000000e+00  -5.3602265e-02
  -2.1120775e-01   0.0000000e+00  -5.3719534e-02
  -2.1292760e-01   0.0000000e+00  -5.3835996e-02
  -2.1465360e-01   0.0000000e+00  -5.3951647e-02
  -2.1638572e-01   0.0000000e+00  -5.4066483e-02
  -2.1812396e-01   0.0000000e+00  -5.4180499e-02
  -2.1986829e-01   0.0000000e+00  -5.4293691e-02
  -2.2161871e-01   0.0000000e+00  -5.4406053e-02
  -2.2337520e-01   0.0000000e+00  -5.4517580e-02
  -2.2513775e-01   0.0000000e+00  -5.4628268e-02
  -2.2690635e-01   0.0000000e+00  -5.4738110e-02
  -2.2868098e-01   0.0000000e+00  -5.4847101e-02
  -2.3046162e-01   0.0000000e+00  -5.4955235e-02
  -2.3224827e-01   0.0000000e+00  -5.5062507e-02
  -2.3404091e-01   0.0000000e+00  -5.5168909e-02
  -2.3583952e-01   0.0000000e+00  -5.5274437e-02
  -2.3764409e-01   0.0000000e+00  -5.5379083e-02
  -2.3945461e-01   0.0000000e+00  -5.5482841e-02
  -2.4127107e-01   0.0000000e+00  -5.5585704e-02
  -2.4309344e-01   0.0000000e+00  -5.5687665e-02
  -2.4492172e-01   0.0000000e+00  -5.5788718e-02
  -2.4675589e-01   0.0000000e+00  -5.5888854e-02
  -2.4859593e-01   0.0000000e+00  -5.5988066e-02
  -2.5044184e-01   0.0000000e+00  -5.6086348e-02
  -2.5229359e-01   0.0000000e+00  -5.6183690e-02
  -2.5415118e-01   0.0000000e+00  -5.6280086e-02
  -2.5601458e-01   0.0000000e+00  -5.6375526e-02
  -2.5788379e-01   0.0000000e+00  -5.6470003e-02
  -2.5975879e-01   0.0000000e+00  -5.6563508e-02
  -2.6163957e-01   0.0000000e+00  -5.6656032e-02
  -2.6352610e-01   0.0000000e+00  -5.6747567e-02
  -2.6541838e-01   0.0000000e+00  -5.6838104e-02
  -2.6731639e-01   0.0000000e+00  -5.6927633e-02
  -2.6922011e-01   0.0000000e+00  -5.7016145e-02
  -2.7112954e-01   0.0000000e+00  -5.7103631e-02
  -2.7304465e-01   0.0000000e+00  -5.7190080e-02
  -2.7496543e-01   0.0000000e+00  -5.7275483e-02
  -2.7689187e-01   0.0000000e+00  -5.7359830e-02
  -2.7882395e-01   0.0000000e+00  -5.7443110e-02
  -2.8076166e-01   0.0000000e+00  -5.7525314e-02
  -2.8270498e-01   0.0000000e+00  -5.7606430e-02
  -2.8465389e-01   0.0000000e+00  -5.7686447e-02
  -2.8660838e-01   0.0000000e+00  -5.7765355e-02
  -2.8856844e-01   0.0000000e+00  -5.7843142e-02
  -2.9053405e-01   0.0000000e+00  -5.7919798e-02
  -2.9250520e-01   0.0000000e+00  -5.7995310e-02
  -2.9448186e-01   0.0000000e+00  -5.8069666e-02
  -2.9646403e-01   0.0000000e+00  -5.8142855e-02
  -2.9845168e-01   0.0000000e+00  -5.8214866e-02
  -3.0044481e-01   0.0000000e+00  -5.8285684e-02
  -3.0244339e-01   0.0000000e+00  -5.8355298e-02
  -3.0444742e-01   0.0000000e+00  -5.8423696e-02
  -3.0645687e-01   0.0000000e+00  -5.8490864e-02
  -3.0847174e-01   0.0000000e+00  -5.8556789e-02
  -3.1049200e-01   0.0000000e+00  -5.8621459e-02
  -3.1251763e-01   0.0000000e+00  -5.8684859e-02
  -3.1454863e-01   0.0000000e+00  -5.8746976e-02
  -3.1658498e-01   0.0000000e+00  -5.8807797e-02
  -3.1862666e-01   0.0000000e+00  -5.8867306e-02
  -3.2067366e-01   0.0000000e+00  -5.8925491e-02
  -3.2272595e-01   0.0000000e+00  -5.8982337e-02
  -3.2478353e-01   0.0000000e+00  -5.9037829e-02
  -3.2684637e-01   0.0000000e+00  -5.9091952e-02
  -3.2891447e-01   0.0000000e+00  -5.9144692e-02
  -3.3098780e-01   0.0000000e+00  -5.9196033e-02
  -3.3306635e-01   0.0000000e+00  -5.9245960e-02
  -3.3515011e-01   0.0000000e+00  -5.9294458e-02
  -3.3723905e-01   0.0000000e+00  -5.9341510e-02
  -3.3933316e-01   0.0000000e+00  -5.9387102e-02
  -3.4143242e-01   0.0000000e+00  -5.9431217e-02
  -3.4353683e-01   0.0000000e+00  -5.9473838e-02
  -3.4564635e-01   0.0000000e+00  -5.9514949e-02
  -3.4776098e-01   0.0000000e+00  -5.9554534e-02
  -3.4988070e-01   0.0000000e+00  -5.9592575e-02
  -3.5200548e-01   0.0000000e+00  -5.9629056e-02
  -3.5413533e-01   0.0000000e+00  -5.9663960e-02
  -3.5627021e-01   0.0000000e+00  -5.9697269e-02
  -3.5841011e-01   0.0000000e+00  -5.9728965e-02
  -3.6055502e-01   0.0000000e+00  -5.9759030e-02
  -3.6270492e-01   0.0000000e+00  -5.9787448e-02
  -3.6485979e-01   0.0000000e+00  -5.9814198e-02
  -3.6701961e-01   0.0000000e+00  -5.9839264e-02
  -3.6918437e-01   0.0000000e+00  -5.9862627e-02
  -3.7135406e-01   0.0000000e+00  -5.9884267e-02
  -3.7352864e-01   0.0000000e+00  -5.9904166e-02
  -3.7570812e-01   0.0000000e+00  -5.9922305e-02
  -3.7789246e-01   0.0000000e+00  -5.9938664e-02
  -3.8008166e-01   0.0000000e+00  -5.9953225e-02
  -3.8227569e-01   0.0000000e+00  -5.9965966e-02
  -3.8447455e-01   0.0000000e+00  -5.9976869e-02
  -3.8667820e-01   0.0000000e+00  -5.9985914e-02
  -3.8888664e-01   0.0000000e+00  -5.9993079e-02
  -3.9109985e-01   0.0000000e+00  -5.9998345e-02
  -3.9331780e-01   0.0000000e+00  -6.0001691e-02
  -3.9554049e-01   0.0000000e+00  -6.0003096e-02
  -3.9776790e-01   0.0000000e+00  -6.0002540e-02
  -4.0000000e-01   0.0000000e+00  -6.0000000e-02
  -4.0000000e-01   0.0000000e+00  -6.0000000e-02
  -4.0159473e-01   0.0000000e+00  -5.9999054e-02
  -4.0318825e-01   0.0000000e+00  -5.9997240e-02
  -4.0478055e-01   0.0000000e+00  -5.9994559e-02
  -4.0637162e-01   0.0000000e+00  -5.9991014e-02
  -4.0796146e-01   0.0000000e+00  -5.9986608e-02
  -4.0955006e-01   0.0000000e+00  -5.9981342e-02
  -4.1113742e-01   0.0000000e+00  -5.9975219e-02
  -4.1272353e-01   0.0000000e+00  -5.9968242e-02
  -4.1430840e-01   0.0000000e+00  -5.9960412e-02
  -4.1589201e-01   0.0000000e+00  -5.9951733e-02
  -4.1747436e-01   0.0000000e+00  -5.9942206e-02
  -4.1905544e-01   0.0000000e+00  -5.9931835e-02
  -4.2063526e-01   0.0000000e+00  -5.9920620e-02
  -4.2221380e-01   0.0000000e+00  -5.9908566e-02
  -4.2379106e-01   0.0000000e+00  -5.9895674e-02
  -4.2536704e-01   0.0000000e+00  -5.9881946e-02
  -4.2694173e-01   0.0000000e+00  -5.9867386e-02
  -4.2851512e-01   0.0000000e+00  -5.9851995e-02
  -4.3008722e-01   0.0000000e+00  -5.9835776e-02
  -4.3165801e-01   0.0000000e+00  -5.9818732e-02
  -4.3322750e-01   0.0000000e+00  -5.9800865e-02
  -4.3479567e-01   0.0000000e+00  -5.9782177e-02
  -4.3636252e-01   0.0000000e+00  -5.9762671e-02
  -4.3792806e-01   0.0000000e+00  -5.9742349e-02
  -4.3949226e-01   0.0000000e+00  -5.9721215e-02
  -4.4105514e-01   0.0000000e+00  -5.9699269e-02
  -4.4261668e-01   0.0000000e+00  -5.9676516e-02
  -4.4417688e-01   0.0000000e+00  -5.9652957e-02
  -4.4573573e-01   0.0000000e+00  -5.9628595e-02
  -4.4729323e-01   0.0000000e+00  -5.9603433e-02
  -4.4884937e-01   0.0000000e+00  -5.9577472e-02
  -4.5040416e-01   0.0000000e+00  -5.9550716e-02
  -4.5195758e-01   0.0000000e+00  -5.9523167e-02
  -4.5350963e-01   0.0000000e+00  -5.9494828e-02
  -4.5506031e-01   0.0000000e+00  -5.9465701e-02
  -4.5660961e-01   0.0000000e+00  -5.9435789e-02
  -4.5815752e-01   0.0000000e+00  -5.9405094e-02
  -4.5970405e-01   0.0000000e+00  -5.9373619e-02
  -4.6124919e-01   0.0000000e+00  -5.9341367e-02
  -4.6279292e-01   0.0000000e+00  -5.9308339e-02
  -4.6433526e-01   0.0000000e+00  -5.9274540e-02
  -4.6587619e-01   0.0000000e+00  -5.9239970e-02
  -4.6741570e-01   0.0000000e+00  -5.9204634e-02
  -4.6895380e-01   0.0000000e+00  -5.9168533e-02
  -4.7049048e-01   0.0000000e+00  -5.9131670e-02
  -4.7202573e-01   0.0000000e+00  -5.9094048e-02
  -4.7355956e-01   0.0000000e+00  -5.9055669e-02
  -4.7509195e-01   0.0000000e+00  -5.9016536e-02
  -4.7662289e-01   0.0000000e+00  -5.8976652e-02
  -4.7815240e-01   0.0000000e+00  -5.8936019e-02
  -4.7968046e-01   0.0000000e+00  -5.8894640e-02
  -4.8120706e-01   0.0000000e+00  -5.8852518e-02
  -4.8273220e-01   0.0000000e+00  -5.8809655e-02
  -4.8425589e-01   0.0000000e+00  -5.8766054e-02
  -4.8577810e-01   0.0000000e+00  -5.8721718e-02
  -4.8729884e-01   0.0000000e+00  -5.8676648e-02
  -4.8881811e-01   0.0000000e+00  -5.8630849e-02
  -4.9033590e-01   0.0000000e+00  -5.8584323e-02
  -4.9185220e-01   0.0000000e+00  -5.8537072e-02
  -4.9336701e-01   0.0000000e+00  -5.8489099e-02
  -4.9488032e-01   0.0000000e+00  -5.8440407e-02
  -4.9639214e-01   0.0000000e+00  -5.8390998e-02
  -4.9790245e-01   0.0000000e+00  -5.8340876e-02
  -4.9941125e-01   0.0000000e+00  -5.8290042e-02
  -5.0091854e-01   0.0000000e+00  -5.8238500e-02
  -5.0242431e-01   0.0000000e+00  -5.8186253e-02
  -5.0392856e-01   0.0000000e+00  -5.8133302e-02
  -5.0543128e-01   0.0000000e+00  -5.8079652e-02
  -5.0693247e-01   0.0000000e+00  -5.8025304e-02
  -5.0843213e-01   0.0000000e+00  -5.7970262e-02
  -5.0993024e-01   0.0000000e+00  -5.7914527e-02
  -5.1142681e-01   0.0000000e+00  -5.7858104e-02
  -5.1292183e-01   0.0000000e+00  -5.7800994e-02
  -5.1441530e-01   0.0000000e+00  -5.7743201e-02
  -5.1590721e-01   0.0000000e+00  -5.7684727e-02
  -5.1739755e-01   0.0000000e+00  -5.7625575e-02
  -5.1888633e-01   0.0000000e+00  -5.7565747e-02
  -5.2037353e-01   0.0000000e+00  -5.7505247e-02
  -5.2185916e-01   0.0000000e+00  -5.7444078e-02
  -5.2334321e-01   0.0000000e+00  -5.7382242e-02
  -5.2482567e-01   0.0000000e+00  -5.7319741e-02
  -5.2630654e-01   0.0000000e+00  -5.7256580e-02
  -5.2778582e-01   0.0000000e+00  -5.7192760e-02
  -5.2926349e-01   0.0000000e+00  -5.7128284e-02
  -5.3073957e-01   0.0000000e+00  -5.7063156e-02
  -5.3221403e-01   0.0000000e+00  -5.6997378e-02
  -5.3368688e-01   0.0000000e+00  -5.6930952e-02
  -5.3515812e-01   0.0000000e+00  -5.6863883e-02
  -5.3662773e-01   0.0000000e+00  -5.6796171e-02
  -5.3809572e-01   0.0000000e+00  -5.6727822e-02
  -5.3956208e-01   0.0000000e+00  -5.6658836e-02
  -5.4102680e-01   0.0000000e+00  -5.6589218e-02
  -5.4248989e-01   0.0000000e+00  -5.6518969e-02
  -5.4395133e-01   0.0000000e+00  -5.6448093e-02
  -5.4541112e-01   0.0000000e+00  -5.6376593e-02
  -5.4686926e-01   0.0000000e+00  -5.6304471e-02
  -5.4832574e-01   0.0000000e+00  -5.6231731e-02
  -5.4978056e-01   0.0000000e+00  -5.6158375e-02
  -5.5123372e-01   0.0000000e+00  -5.6084406e-02
  -5.5268520e-01   0.0000000e+00  -5.6009827e-02
  -5.5413502e-01   0.0000000e+00  -5.5934641e-02
  -5.5558315e-01   0.0000000e+00  -5.5858851e-02
  -5.5702960e-01   0.0000000e+00  -5.5782460e-02
  -5.5847436e-01   0.0000000e+00  -5.5705470e-02
  -5.5991742e-01   0.0000000e+00  -5.5627884e-02
  -5.6135880e-01   0.0000000e+00  -5.5549706e-02
  -5.6279847e-01   0.0000000e+00  -5.5470938e-02
  -5.6423643e-01   0.0000000e+00  -5.5391584e-02
  -5.6567269e-01   0.0000000e+00  -5.5311645e-02
  -5.6710723e-01   0.0000000e+00  -5.5231125e-02
  -5.6854006e-01   0.0000000e+00  -5.5150028e-02
  -5.6997116e-01   0.0000000e+00  -5.5068355e-02
  -5.7140053e-01   0.0000000e+00  -5.4986110e-02
  -5.7282818e-01   0.0000000e+00  -5.4903295e-02
  -5.7425408e-01   0.0000000e+00  -5.4819915e-02
  -5.7567825e-01   0.0000000e+00  -5.4735970e-02
  -5.7710067e-01   0.0000000e+00  -5.4651466e-02
  -5.7852135e-01   0.0000000e+00  -5.4566403e-02
  -5.7994027e-01   0.0000000e+00  -5.4480786e-02
  -5.8135744e-01   0.0000000e+00  -5.4394618e-02
  -5.8277284e-01   0.0000000e+00  -5.4307900e-02
  -5.8418648e-01   0.0000000e+00  -5.4220637e-02
  -5.8559835e-01   0.0000000e+00  -5.4132831e-02
  -5.8700844e-01   0.0000000e+00  -5.4044485e-02
  -5.8841675e-01   0.0000000e+00  -5.3955603e-02
  -5.8982329e-01   0.0000000e+00  -5.3866186e-02
  -5.9122803e-01   0.0000000e+00  -5.3776238e-02
  -5.9263098e-01   0.0000000e+00  -5.3685762e-02
  -5.9403214e-01   0.0000000e+00  -5.3594761e-02
  -5.9543150e-01   0.0000000e+00  -5.3503239e-02
  -5.9682905e-01   0.0000000e+00  -5.3411196e-02
  -5.9822480e-01   0.0000000e+00  -5.3318638e-02
  -5.9961873e-01   0.0000000e+00  -5.3225567e-02
  -6.0101085e-01   0.0000000e+00  -5.3131985e-02
  -6.0240114e-01   0.0000000e+00  -5.3037897e-02
  -6.0378961e-01   0.0000000e+00  -5.2943304e-02
  -6.0517626e-01   0.0000000e+00  -5.2848210e-02
  -6.0656106e-01   0.0000000e+00  -5.2752617e-02
  -6.0794403e-01   0.0000000e+00  -5.2656530e-02
  -6.0932516e-01   0.0000000e+00  -5.2559950e-02
  -6.1070444e-01   0.0000000e+00  -5.2462881e-02
  -6.1208187e-01   0.0000000e+00  -5.2365325e-02
  -6.1345745e-01   0.0000000e+00  -5.2267287e-02
  -6.1483116e-01   0.0000000e+00  -5.2168768e-02
  -6.1620302e-01   0.0000000e+00  -5.2069772e-02
  -6.1757301e-01   0.0000000e+00  -5.1970301e-02
  -6.1894112e-01   0.0000000e+00  -5.1870360e-02
  -6.2030736e-01   0.0000000e+00  -5.1769950e-02
  -6.2167173e-01   0.0000000e+00  -5.1669075e-02
  -6.2303420e-01   0.0000000e+00  -5.1567738e-02
  -6.2439479e-01   0.0000000e+00  -5.1465941e-02
  -6.2575349e-01   0.0000000e+00  -5.1363689e-02
  -6.2711029e-01   0.0000000e+00  -5.1260983e-02
  -6.2846520e-01   0.0000000e+00  -5.1157827e-02
  -6.2981819e-01   0.0000000e+00  -5.1054224e-02
  -6.3116928e-01   0.0000000e+00  -5.0950177e-02
  -6.3251846e-01   0.0000000e+00  -5.0845689e-02
  -6.3386572e-01   0.0000000e+00  -5.0740763e-02
  -6.3521106e-01   0.0000000e+00  -5.0635402e-02
  -6.3655448e-01   0.0000000e+00  -5.0529609e-02
  -6.3789597e-01   0.0000000e+00  -5.0423387e-02
  -6.3923552e-01   0.0000000e+00  -5.0316739e-02
  -6.4057314e-01   0.0000000e+00  -5.0209668e-02
  -6.4190881e-01   0.0000000e+00  -5.0102177e-02
  -6.4324255e-01   0.0000000e+00  -4.9994270e-02
  -6.4457433e-01   0.0000000e+00  -4.9885948e-02
  -6.4590416e-01   0.0000000e+00  -4.9777216e-02
  -6.4723203e-01   0.0000000e+00  -4.9668076e-02
  -6.4855794e-01   0.0000000e+00  -4.9558532e-02
  -6.4988189e-01   0.0000000e+00  -4.9448586e-02
  -6.5120387e-01   0.0000000e+00  -4.9338241e-02
  -6.5252387e-01   0.0000000e+00  -4.9227501e-02
  -6.5384190e-01   0.0000000e+00  -4.9116368e-02
  -6.5515795e-01   0.0000000e+00  -4.9004845e-02
  -6.5647201e-01   0.0000000e+00  -4.8892937e-02
  -6.5778408e-01   0.0000000e+00  -4.8780645e-02
  -6.5909416e-01   0.0000000e+00  -4.8667972e-02
  -6.6040224e-01   0.0000000e+00  -4.8554922e-02
  -6.6170832e-01   0.0000000e+00  -4.8441498e-02
  -6.6301240e-01   0.0000000e+00  -4.8327703e-02
  -6.6431447e-01   0.0000000e+00  -4.8213540e-02
  -6.6561452e-01   0.0000000e+00  -4.8099011e-02
  -6.6691256e-01   0.0000000e+00  -4.7984120e-02
  -6.6820858e-01   0.0000000e+00  -4.7868871e-02
  -6.6950257e-01   0.0000000e+00  -4.7753265e-02
  -6.7079453e-01   0.0000000e+00  -4.7637307e-02
  -6.7208447e-01   0.0000000e+00  -4.7520998e-02
  -6.7337236e-01   0.0000000e+00  -4.7404343e-02
  -6.7465822e-01   0.0000000e+00  -4.7287344e-02
  -6.7594203e-01   0.0000000e+00  -4.7170004e-02
  -6.7722379e-01   0.0000000e+00  -4.7052327e-02
  -6.7850350e-01   0.0000000e+00  -4.6934314e-02
  -6.7978116e-01   0.0000000e+00  -4.6815971e-02
  -6.8105675e-01   0.0000000e+00  -4.6697299e-02
  -6.8233028e-01   0.0000000e+00  -4.6578301e-02
  -6.8360175e-01   0.0000000e+00  -4.6458981e-02
  -6.8487114e-01   0.0000000e+00  -4.6339341e-02
  -6.8613846e-01   0.0000000e+00  -4.6219385e-02
  -6.8740370e-01   0.0000000e+00  -4.6099116e-02
  -6.8866686e-01   0.0000000e+00  -4.5978537e-02
  -6.8992793e-01   0.0000000e+00  -4.5857650e-02
  -6.9118691e-01   0.0000000e+00  -4.5736460e-02
  -6.9244379e-01   0.0000000e+00  -4.5614968e-02
  -6.9369858e-01   0.0000000e+00  -4.5493178e-02
  -6.9495126e-01   0.0000000e+00  -4.5371093e-02
  -6.9620184e-01   0.0000000e+00  -4.5248716e-02
  -6.9745032e-01   0.0000000e+00  -4.5126050e-02
  -6.9869667e-01   0.0000000e+00  -4.5003099e-02
  -6.9994091e-01   0.0000000e+00  -4.4879864e-02
  -7.0118303e-01   0.0000000e+00  -4.4756350e-02
  -7.0242303e-01   0.0000000e+00  -4.4632559e-02
  -7.0366089e-01   0.0000000e+00  -4.4508495e-02
  -7.0489663e-01   0.0000000e+00  -4.4384160e-02
  -7.0613023e-01   0.0000000e+00  -4.4259557e-02
  -7.0736169e-01   0.0000000e+00  -4.4134689e-02
  -7.0859100e-01   0.0000000e+00  -4.4009560e-02
  -7.0981817e-01   0.0000000e+00  -4.3884173e-02
  -7.1104319e-01   0.0000000e+00  -4.3758530e-02
  -7.1226606e-01   0.0000000e+00  -4.3632635e-02
  -7.1348676e-01   0.0000000e+00  -4.3506490e-02
  -7.1470531e-01   0.0000000e+00  -4.3380099e-02
  -7.1592169e-01   0.0000000e+00  -4.3253465e-02
  -7.1713590e-01   0.0000000e+00  -4.3126590e-02
  -7.1834793e-01   0.0000000e+00  -4.2999479e-02
  -7.1955779e-01   0.0000000e+00  -4.2872133e-02
  -7.2076547e-01   0.0000000e+00  -4.2744555e-02
  -7.2197097e-01   0.0000000e+00  -4.2616750e-02
  -7.2317428e-01   0.0000000e+00  -4.2488720e-02
  -7.2437540e-01   0.0000000e+00  -4.2360467e-02
  -7.2557432e-01   0.0000000e+00  -4.2231996e-02
  -7.2677104e-01   0.0000000e+00  -4.2103308e-02
  -7.2796557e-01   0.0000000e+00  -4.1974407e-02
  -7.2915788e-01   0.0000000e+00  -4.1845297e-02
  -7.3034799e-01   0.0000000e+00  -4.1715979e-02
  -7.3153588e-01   0.0000000e+00  -4.1586458e-02
  -7.3272156e-01   0.0000000e+00  -4.1456735e-02
  -7.3390502e-01   0.0000000e+00  -4.1326815e-02
  -7.3508626e-01   0.0000000e+00  -4.1196699e-02
  -7.3626526e-01   0.0000000e+00  -4.1066392e-02
  -7.3744204e-01   0.0000000e+00  -4.0935896e-02
  -7.3861658e-01   0.0000000e+00  -4.0805214e-02
  -7.3978889e-01   0.0000000e+00  -4.0674349e-02
  -7.4095895e-01   0.0000000e+00  -4.0543304e-02
  -7.4212677e-01   0.0000000e+00  -4.0412082e-02
  -7.4329233e-01   0.0000000e+00  -4.0280687e-02
  -7.4445565e-01   0.0000000e+00  -4.0149120e-02
  -7.4561671e-01   0.0000000e+00  -4.0017386e-02
  -7.4677552e-01   0.0000000e+00  -3.9885486e-02
  -7.4793205e-01   0.0000000e+00  -3.9753425e-02
  -7.4908633e-01   0.0000000e+00  -3.9621205e-02
  -7.5023833e-01   0.0000000e+00  -3.9488829e-02
  -7.5138806e-01   0.0000000e+00  -3.9356301e-02
  -7.5253552e-01   0.0000000e+00  -3.9223622e-02
  -7.5368069e-01   0.0000000e+00  -3.9090796e-02
  -7.5482358e-01   0.0000000e+00  -3.8957826e-02
  -7.5596418e-01   0.0000000e+00  -3.8824715e-02
  -7.5710250e-01   0.0000000e+00  -3.8691467e-02
  -7.5823851e-01   0.0000000e+00  -3.8558083e-02
  -7.5937224e-01   0.0000000e+00  -3.8424567e-02
  -7.6050366e-01   0.0000000e+00  -3.8290922e-02
  -7.6163277e-01   0.0000000e+00  -3.8157151e-02
  -7.6275958e-01   0.0000000e+00  -3.8023256e-02
  -7.6388408e-01   0.0000000e+00  -3.7889242e-02
  -7.6500626e-01   0.0000000e+00  -3.7755110e-02
  -7.6612613e-01   0.0000000e+00  -3.7620864e-02
  -7.6724367e-01   0.0000000e+00  -3.7486507e-02
  -7.6835889e-01   0.0000000e+00  -3.7352041e-02
  -7.6947178e-01   0.0000000e+00  -3.7217469e-02
  -7.7058234e-01   0.0000000e+00  -3.7082795e-02
  -7.7169057e-01   0.0000000e+00  -3.6948022e-02
  -7.7279645e-01   0.0000000e+00  -3.6813152e-02
  -7.7390000e-01   0.0000000e+00  -3.6678188e-02
  -7.7500120e-01   0.0000000e+00  -3.6543134e-02
  -7.7610005e-01   0.0000000e+00  -3.6407992e-02
  -7.7719655e-01   0.0000000e+00  -3.6272764e-02
  -7.7829070e-01   0.0000000e+00  -3.6137455e-02
  -7.7938249e-01   0.0000000e+00  -3.6002067e-02
  -7.8047191e-01   0.0000000e+00  -3.5866603e-02
  -7.8155898e-01   0.0000000e+00  -3.5731065e-02
  -7.8264367e-01   0.0000000e+00  -3.5595458e-02
  -7.8372599e-01   0.0000000e+00  -3.5459782e-02
  -7.8480594e-01   0.0000000e+00  -3.5324043e-02
  -7.8588351e-01   0.0000000e+00  -3.5188242e-02
  -7.8695870e-01   0.0000000e+00  -3.5052382e-02
  -7.8803150e-01   0.0000000e+00  -3.4916466e-02
  -7.8910192e-01   0.0000000e+00  -3.4780498e-02
  -7.9016994e-01   0.0000000e+00  -3.4644479e-02
  -7.9123558e-01   0.0000000e+00  -3.4508414e-02
  -7.9229881e-01   0.0000000e+00  -3.4372304e-02
  -7.9335964e-01   0.0000000e+00  -3.4236153e-02
  -7.9441807e-01   0.0000000e+00  -3.4099963e-02
  -7.9547410e-01   0.0000000e+00  -3.3963738e-02
  -7.9652771e-01   0.0000000e+00  -3.3827480e-02
  -7.9757891e-01   0.0000000e+00  -3.3691193e-02
  -7.9862769e-01   0.0000000e+00  -3.3554878e-02
  -7.9967405e-01   0.0000000e+00  -3.3418539e-02
  -8.0071799e-01   0.0000000e+00  -3.3282179e-02
  -8.0175951e-01   0.0000000e+00  -3.3145801e-02
  -8.0279859e-01   0.0000000e+00  -3.3009407e-02
  -8.0383524e-01   0.0000000e+00  -3.2873000e-02
  -8.0486946e-01   0.0000000e+00  -3.2736584e-02
  -8.0590124e-01   0.0000000e+00  -3.2600160e-02
  -8.0693058e-01   0.0000000e+00  -3.2463732e-02
  -8.0795747e-01   0.0000000e+00  -3.2327303e-02
  -8.0898191e-01   0.0000000e+00  -3.2190876e-02
  -8.1000390e-01   0.0000000e+00  -3.2054452e-02
  -8.1102344e-01   0.0000000e+00  -3.1918036e-02
  -8.1204052e-01   0.0000000e+00  -3.1781630e-02
  -8.1305514e-01   0.0000000e+00  -3.1645236e-02
  -8.1406730e-01   0.0000000e+00  -3.1508859e-02
  -8.1507699e-01   0.0000000e+00  -3.1372499e-02
  -8.1608421e-01   0.0000000e+00  -3.1236160e-02
  -8.1708896e-01   0.0000000e+00  -3.1099846e-02
  -8.1809123e-01   0.0000000e+00  -3.0963558e-02
  -8.1909102e-01   0.0000000e+00  -3.0827300e-02
  -8.2008833e-01   0.0000000e+00  -3.0691074e-02
  -8.2108316e-01   0.0000000e+00  -3.0554883e-02
  -8.2207550e-01   0.0000000e+00  -3.0418730e-02
  -8.2306535e-01   0.0000000e+00  -3.0282617e-02
  -8.2405270e-01   0.0000000e+00  -3.0146548e-02
  -8.2503756e-01   0.0000000e+00  -3.0010526e-02
  -8.2601992e-01   0.0000000e+00  -2.9874552e-02
  -8.2699977e-01   0.0000000e+00  -2.9738629e-02
  -8.2797712e-01   0.0000000e+00  -2.9602761e-02
  -8.2895197e-01   0.0000000e+00  -2.9466951e-02
  -8.2992429e-01   0.0000000e+00  -2.9331200e-02
  -8.3089411e-01   0.0000000e+00  -2.9195511e-02
  -8.3186141e-01   0.0000000e+00  -2.9059889e-02
  -8.3282618e-01   0.0000000e+00  -2.8924334e-02
  -8.3378844e-01   0.0000000e+00  -2.8788850e-02
  -8.3474816e-01   0.0000000e+00  -2.8653439e-02
  -8.3570536e-01   0.0000000e+00  -2.8518105e-02
  -8.3666003e-01   0.0000000e+00  -2.8382850e-02
  -8.3761216e-01   0.0000000e+00  -2.8247676e-02
  -8.3856175e-01   0.0000000e+00  -2.8112587e-02
  -8.3950880e-01   0.0000000e+00  -2.7977584e-02
  -8.4045331e-01   0.0000000e+00  -2.7842672e-02
  -8.4139527e-01   0.0000000e+00  -2.7707851e-02
  -8.4233469e-01   0.0000000e+00  -2.7573126e-02
  -8.4327155e-01   0.0000000e+00  -2.7438499e-02
  -8.4420585e-01   0.0000000e+00  -2.7303972e-02
  -8.4513760e-01   0.0000000e+00  -2.7169548e-02
  -8.4606679e-01   0.0000000e+00  -2.7035229e-02
  -8.4699341e-01   0.0000000e+00  -2.6901020e-02
  -8.4791747e-01   0.0000000e+00  -2.6766921e-02
  -8.4883895e-01   0.0000000e+00  -2.6632935e-02
  -8.4975787e-01   0.0000000e+00  -2.6499067e-02
  -8.5067421e-01   0.0000000e+00  -2.6365317e-02
  -8.5158798e-01   0.0000000e+00  -2.6231688e-02
  -8.5249916e-01   0.0000000e+00  -2.6098184e-02
  -8.5340776e-01   0.0000000e+00  -2.5964807e-02
  -8.5431377e-01   0.0000000e+00  -2.5831559e-02
  -8.5521720e-01   0.0000000e+00  -2.5698443e-02
  -8.5611804e-01   0.0000000e+00  -2.5565462e-02
  -8.5701628e-01   0.0000000e+00  -2.5432618e-02
  -8.5791192e-01   0.0000000e+00  -2.5299913e-02
  -8.5880497e-01   0.0000000e+00  -2.5167351e-02
  -8.5969541e-01   0.0000000e+00  -2.5034934e-02
  -8.6058325e-01   0.0000000e+00  -2.4902665e-02
  -8.6146848e-01   0.0000000e+00  -2.4770546e-02
  -8.6235110e-01   0.0000000e+00  -2.4638579e-02
  -8.6323111e-01   0.0000000e+00  -2.4506768e-02
  -8.6410850e-01   0.0000000e+00  -2.4375114e-02
  -8.6498328e-01   0.0000000e+00  -2.4243621e-02
  -8.6585543e-01   0.0000000e+00  -2.4112291e-02
  -8.6672496e-01   0.0000000e+00  -2.3981126e-02
  -8.6759186e-01   0.0000000e+00  -2.3850128e-02
  -8.6845614e-01   0.0000000e+00  -2.3719302e-02
  -8.6931778e-01   0.0000000e+00  -2.3588648e-02
  -8.7017679e-01   0.0000000e+00  -2.3458170e-02
  -8.7103317e-01   0.0000000e+00  -2.3327870e-02
  -8.7188690e-01   0.0000000e+00  -2.3197750e-02
  -8.7273799e-01   0.0000000e+00  -2.3067814e-02
  -8.7358644e-01   0.0000000e+00  -2.2938062e-02
  -8.7443224e-01   0.0000000e+00  -2.2808499e-02
  -8.7527539e-01   0.0000000e+00  -2.2679126e-02
  -8.7611589e-01   0.0000000e+00  -2.2549946e-02
  -8.7695374e-01   0.0000000e+00  -2.2420962e-02
  -8.7778893e-01   0.0000000e+00  -2.2292175e-02
  -8.7862146e-01   0.0000000e+00  -2.2163589e-02
  -8.7945132e-01   0.0000000e+00  -2.2035205e-02
  -8.8027853e-01   0.0000000e+00  -2.1907026e-02
  -8.8110306e-01   0.0000000e+00  -2.1779055e-02
  -8.8192493e-01   0.0000000e+00  -2.1651294e-02
  -8.8274412e-01   0.0000000e+00  -2.1523746e-02
  -8.8356064e-01   0.0000000e+00  -2.1396412e-02
  -8.8437448e-01   0.0000000e+00  -2.1269296e-02
  -8.8518564e-01   0.0000000e+00  -2.1142399e-02
  -8.8599412e-01   0.0000000e+00  -2.1015725e-02
  -8.8679991e-01   0.0000000e+00  -2.0889274e-02
  -8.8760302e-01   0.0000000e+00  -2.0763051e-02
  -8.8840344e-01   0.0000000e+00  -2.0637057e-02
  -8.8920117e-01   0.0000000e+00  -2.0511295e-02
  -8.8999620e-01   0.0000000e+00  -2.0385766e-02
  -8.9078854e-01   0.0000000e+00  -2.0260474e-02
  -8.9157818e-01   0.0000000e+00  -2.0135421e-02
  -8.9236511e-01   0.0000000e+00  -2.0010608e-02
  -8.9314934e-01   0.0000000e+00  -1.9886039e-02
  -8.9393087e-01   0.0000000e+00  -1.9761716e-02
  -8.9470969e-01   0.0000000e+00  -1.9637640e-02
  -8.9548579e-01   0.0000000e+00  -1.9513815e-02
  -8.9625919e-01   0.0000000e+00  -1.9390243e-02
  -8.9702987e-01   0.0000000e+00  -1.9266926e-02
  -8.9779783e-01   0.0000000e+00  -1.9143866e-02
  -8.9856307e-01   0.0000000e+00  -1.9021065e-02
  -8.9932558e-01   0.0000000e+00  -1.8898526e-02
  -9.0008537e-01   0.0000000e+00  -1.8776252e-02
  -9.0084244e-01   0.0000000e+00  -1.8654244e-02
  -9.0159678e-01   0.0000000e+00  -1.8532504e-02
  -9.0234838e-01   0.0000000e+00  -1.8411036e-02
  -9.0309725e-01   0.0000000e+00  -1.8289840e-02
  -9.0384338e-01   0.0000000e+00  -1.8168921e-02
  -9.0458678e-01   0.0000000e+00  -1.8048278e-02
  -9.0532743e-01   0.0000000e+00  -1.7927916e-02
  -9.0606534e-01   0.0000000e+00  -1.7807836e-02
  -9.0680051e-01   0.0000000e+00  -1.7688040e-02
  -9.0753293e-01   0.0000000e+00  -1.7568531e-02
  -9.0826260e-01   0.0000000e+00  -1.7449310e-02
  -9.0898951e-01   0.0000000e+00  -1.7330381e-02
  -9.0971368e-01   0.0000000e+00  -1.7211744e-02
  -9.1043508e-01   0.0000000e+00  -1.7093403e-02
  -9.1115373e-01   0.0000000e+00  -1.6975360e-02
  -9.1186962e-01   0.0000000e+00  -1.6857616e-02
  -9.1258274e-01   0.0000000e+00  -1.6740174e-02
  -9.1329310e-01   0.0000000e+00  -1.6623036e-02
  -9.1400069e-01   0.0000000e+00  -1.6506205e-02
  -9.1470552e-01   0.0000000e+00  -1.6389681e-02
  -9.1540757e-01   0.0000000e+00  -1.6273468e-02
  -9.1610684e-01   0.0000000e+00  -1.6157568e-02
  -9.1680335e-01   0.0000000e+00  -1.6041982e-02
  -9.1749707e-01   0.0000000e+00  -1.5926713e-02
  -9.1818801e-01   0.0000000e+00  -1.5811763e-02
  -9.1887618e-01   0.0000000e+00  -1.5697134e-02
  -9.1956155e-01   0.0000000e+00  -1.5582829e-02
  -9.2024415e-01   0.0000000e+00  -1.5468848e-02
  -9.2092395e-01   0.0000000e+00  -1.5355194e-02
  -9.2160096e-01   0.0000000e+00  -1.5241870e-02
  -9.2227518e-01   0.0000000e+00  -1.5128878e-02
  -9.2294661e-01   0.0000000e+00  -1.5016218e-02
  -9.2361524e-01   0.0000000e+00  -1.4903895e-02
  -9.2428107e-01   0.0000000e+00  -1.4791909e-02
  -9.2494410e-01   0.0000000e+00  -1.4680262e-02
  -9.2560433e-01   0.0000000e+00  -1.4568957e-02
  -9.2626176e-01   0.0000000e+00  -1.4457996e-02
  -9.2691637e-01   0.0000000e+00  -1.4347380e-02
  -9.2756818e-01   0.0000000e+00  -1.4237112e-02
  -9.2821718e-01   0.0000000e+00  -1.4127193e-02
  -9.2886337e-01   0.0000000e+00  -1.4017626e-02
  -9.2950674e-01   0.0000000e+00  -1.3908413e-02
  -9.3014730e-01   0.0000000e+00  -1.3799555e-02
  -9.3078504e-01   0.0000000e+00  -1.3691055e-02
  -9.3141995e-01   0.0000000e+00  -1.3582914e-02
  -9.3205205e-01   0.0000000e+00  -1.3475135e-02
  -9.3268132e-01   0.0000000e+00  -1.3367719e-02
  -9.3330776e-01   0.0000000e+00  -1.3260668e-02
  -9.3393138e-01   0.0000000e+00  -1.3153985e-02
  -9.3455217e-01   0.0000000e+00  -1.3047671e-02
  -9.3517013e-01   0.0000000e+00  -1.2941727e-02
  -9.3578525e-01   0.0000000e+00  -1.2836157e-02
  -9.3639754e-01   0.0000000e+00  -1.2730962e-02
  -9.3700699e-01   0.0000000e+00  -1.2626143e-02
  -9.3761360e-01   0.0000000e+00  -1.2521703e-02
  -9.3821737e-01   0.0000000e+00  -1.2417644e-02
  -9.3881829e-01   0.0000000e+00  -1.2313967e-02
  -9.3941638e-01   0.0000000e+00  -1.2210674e-02
  -9.4001161e-01   0.0000000e+00  -1.2107767e-02
  -9.4060400e-01   0.0000000e+00  -1.2005248e-02
  -9.4119354e-01   0.0000000e+00  -1.1903119e-02
  -9.4178023e-01   0.0000000e+00  -1.1801381e-02
  -9.4236406e-01   0.0000000e+00  -1.1700037e-02
  -9.4294504e-01   0.0000000e+00  -1.1599088e-02
  -9.4352316e-01   0.0000000e+00  -1.1498536e-02
  -9.4409842e-01   0.0000000e+00  -1.1398383e-02
  -9.4467083e-01   0.0000000e+00  -1.1298630e-02
  -9.4524037e-01   0.0000000e+00  -1.1199280e-02
  -9.4580704e-01   0.0000000e+00  -1.1100333e-02
  -9.4637085e-01   0.0000000e+00  -1.1001793e-02
  -9.4693179e-01   0.0000000e+00  -1.0903660e-02
  -9.4748987e-01   0.0000000e+00  -1.0805937e-02
  -9.4804507e-01   0.0000000e+00  -1.0708625e-02
  -9.4859740e-01   0.0000000e+00  -1.0611725e-02
  -9.4914686e-01   0.0000000e+00  -1.0515240e-02
  -9.4969344e-01   0.0000000e+00  -1.0419171e-02
  -9.5023714e-01   0.0000000e+00  -1.0323521e-02
  -9.5077796e-01   0.0000000e+00  -1.0228290e-02
  -9.5131591e-01   0.0000000e+00  -1.0133480e-02
  -9.5185097e-01   0.0000000e+00  -1.0039093e-02
  -9.5238314e-01   0.0000000e+00  -9.9451310e-03
  -9.5291243e-01   0.0000000e+00  -9.8515953e-03
  -9.5343884e-01   0.0000000e+00  -9.7584875e-03
  -9.5396235e-01   0.0000000e+00  -9.6658094e-03
  -9.5448298e-01   0.0000000e+00  -9.5735626e-03
  -9.5500071e-01   0.0000000e+00  -9.4817487e-03
  -9.5551555e-01   0.0000000e+00  -9.3903693e-03
  -9.5602749e-01   0.0000000e+00  -9.2994260e-03
  -9.5653654e-01   0.0000000e+00  -9.2089205e-03
  -9.5704269e-01   0.0000000e+00  -9.1188542e-03
  -9.5754594e-01   0.0000000e+00  -9.0292289e-03
  -9.5804628e-01   0.0000000e+00  -8.9400461e-03
  -9.5854373e-01   0.0000000e+00  -8.8513073e-03
  -9.5903827e-01   0.0000000e+00  -8.7630142e-03
  -9.5952990e-01   0.0000000e+00  -8.6751682e-03
  -9.6001863e-01   0.0000000e+00  -8.5877709e-03
  -9.6050445e-01   0.0000000e+00  -8.5008239e-03
  -9.6098736e-01   0.0000000e+00  -8.4143286e-03
  -9.6146736e-01   0.0000000e+00  -8.3282866e-03
  -9.6194444e-01   0.0000000e+00  -8.2426994e-03
  -9.6241861e-01   0.0000000e+00  -8.1575685e-03
  -9.6288986e-01   0.0000000e+00  -8.0728954e-03
  -9.6335820e-01   0.0000000e+00  -7.9886816e-03
  -9.6382362e-01   0.0000000e+00  -7.9049285e-03
  -9.6428611e-01   0.0000000e+00  -7.8216376e-03
  -9.6474569e-01   0.0000000e+00  -7.7388103e-03
  -9.6520234e-01   0.0000000e+00  -7.6564482e-03
  -9.6565607e-01   0.0000000e+00  -7.5745526e-03
  -9.6610687e-01   0.0000000e+00  -7.4931250e-03
  -9.6655474e-01   0.0000000e+00  -7.4121668e-03
  -9.6699969e-01   0.0000000e+00  -7.3316794e-03
  -9.6744170e-01   0.0000000e+00  -7.2516642e-03
  -9.6788079e-01   0.0000000e+00  -7.1721226e-03
  -9.6831694e-01   0.0000000e+00  -7.0930560e-03
  -9.6875016e-01   0.0000000e+00  -7.0144658e-03
  -9.6918044e-01   0.0000000e+00  -6.9363534e-03
  -9.6960779e-01   0.0000000e+00  -6.8587200e-03
  -9.7003220e-01   0.0000000e+00  -6.7815671e-03
  -9.7045367e-01   0.0000000e+00  -6.7048960e-03
  -9.7087220e-01   0.0000000e+00  -6.6287081e-03
  -9.7128778e-01   0.0000000e+00  -6.5530045e-03
  -9.7170043e-01   0.0000000e+00  -6.4777868e-03
  -9.7211013e-01   0.0000000e+00  -6.4030561e-03
  -9.7251688e-01   0.0000000e+00  -6.3288138e-03
  -9.7292069e-01   0.0000000e+00  -6.2550612e-03
  -9.7332155e-01   0.0000000e+00  -6.1817995e-03
  -9.7371946e-01   0.0000000e+00  -6.1090300e-03
  -9.7411442e-01   0.0000000e+00  -6.0367540e-03
  -9.7450643e-01   0.0000000e+00  -5.9649727e-03
  -9.7489549e-01   0.0000000e+00  -5.8936874e-03
  -9.7528160e-01   0.0000000e+00  -5.8228993e-03
  -9.7566474e-01   0.0000000e+00  -5.7526097e-03
  -9.7604494e-01   0.0000000e+00  -5.6828196e-03
  -9.7642217e-01   0.0000000e+00  -5.6135305e-03
  -9.7679645e-01   0.0000000e+00  -5.5447434e-03
  -9.7716776e-01   0.0000000e+00  -5.4764595e-03
  -9.7753612e-01   0.0000000e+00  -5.4086801e-03
  -9.7790151e-01   0.0000000e+00  -5.3414062e-03
  -9.7826395e-01   0.0000000e+00  -5.2746391e-03
  -9.7862341e-01   0.0000000e+00  -5.2083800e-03
  -9.7897991e-01   0.0000000e+00  -5.1426298e-03
  -9.7933345e-01   0.0000000e+00  -5.0773899e-03
  -9.7968402e-01   0.0000000e+00  -5.0126613e-03
  -9.8003162e-01   0.0000000e+00  -4.9484451e-03
  -9.8037625e-01   0.0000000e+00  -4.8847425e-03
  -9.8071791e-01   0.0000000e+00  -4.8215545e-03
  -9.8105660e-01   0.0000000e+00  -4.7588822e-03
  -9.8139232e-01   0.0000000e+00  -4.6967267e-03
  -9.8172506e-01   0.0000000e+00  -4.6350891e-03
  -9.8205483e-01   0.0000000e+00  -4.5739705e-03
  -9.8238162e-01   0.0000000e+00  -4.5133718e-03
  -9.8270544e-01   0.0000000e+00  -4.4532942e-03
  -9.8302628e-01   0.0000000e+00  -4.3937386e-03
  -9.8334414e-01   0.0000000e+00  -4.3347061e-03
  -9.8365902e-01   0.0000000e+00  -4.2761978e-03
  -9.8397092e-01   0.0000000e+00  -4.2182145e-03
  -9.8427984e-01   0.0000000e+00  -4.1607574e-03
  -9.8458577e-01   0.0000000e+00  -4.1038273e-03
  -9.8488873e-01   0.0000000e+00  -4.0474253e-03
  -9.8518870e-01   0.0000000e+00  -3.9915524e-03
  -9.8548568e-01   0.0000000e+00  -3.9362095e-03
  -9.8577968e-01   0.0000000e+00  -3.8813975e-03
  -9.8607069e-01   0.0000000e+00  -3.8271174e-03
  -9.8635872e-01   0.0000000e+00  -3.7733701e-03
  -9.8664375e-01   0.0000000e+00  -3.7201566e-03
  -9.8692580e-01   0.0000000e+00  -3.6674777e-03
  -9.8720486e-01   0.0000000e+00  -3.6153344e-03
  -9.8748092e-01   0.0000000e+00  -3.5637276e-03
  -9.8775399e-01   0.0000000e+00  -3.5126580e-03
  -9.8802407e-01   0.0000000e+00  -3.4621267e-03
  -9.8829116e-01   0.0000000e+00  -3.4121345e-03
  -9.8855525e-01   0.0000000e+00  -3.3626822e-03
  -9.8881635e-01   0.0000000e+00  -3.3137707e-03
  -9.8907445e-01   0.0000000e+00  -3.2654008e-03
  -9.8932955e-01   0.0000000e+00  -3.2175734e-03
  -9.8958166e-01   0.0000000e+00  -3.1702892e-03
  -9.8983077e-01   0.0000000e+00  -3.1235491e-03
  -9.9007688e-01   0.0000000e+00  -3.0773538e-03
  -9.9031999e-01   0.0000000e+00  -3.0317043e-03
  -9.9056010e-01   0.0000000e+00  -2.9866011e-03
  -9.9079720e-01   0.0000000e+00  -2.9420452e-03
  -9.9103131e-01   0.0000000e+00  -2.8980372e-03
  -9.9126241e-01   0.0000000e+00  -2.8545780e-03
  -9.9149051e-01   0.0000000e+00  -2.8116683e-03
  -9.9171561e-01   0.0000000e+00  -2.7693087e-03
  -9.9193770e-01   0.0000000e+00  -2.7275001e-03
  -9.9215678e-01   0.0000000e+00  -2.6862431e-03
  -9.9237286e-01   0.0000000e+00  -2.6455384e-03
  -9.9258593e-01   0.0000000e+00  -2.6053868e-03
  -9.9279600e-01   0.0000000e+00  -2.5657889e-03
  -9.9300305e-01   0.0000000e+00  -2.5267454e-03
  -9.9320710e-01   0.0000000e+00  -2.4882569e-03
  -9.9340814e-01   0.0000000e+00  -2.4503242e-03
  -9.9360617e-01   0.0000000e+00  -2.4129478e-03
  -9.9380119e-01   0.0000000e+00  -2.3761284e-03
  -9.9399319e-01   0.0000000e+00  -2.3398667e-03
  -9.9418219e-01   0.0000000e+00  -2.3041632e-03
  -9.9436817e-01   0.0000000e+00  -2.2690186e-03
  -9.9455114e-01   0.0000000e+00  -2.2344334e-03
  -9.9473110e-01   0.0000000e+00  -2.2004083e-03
  -9.9490804e-01   0.0000000e+00  -2.1669438e-03
  -9.9508197e-01   0.0000000e+00  -2.1340404e-03
  -9.9525288e-01   0.0000000e+00  -2.1016989e-03
  -9.9542078e-01   0.0000000e+00  -2.0699196e-03
  -9.9558566e-01   0.0000000e+00  -2.0387032e-03
  -9.9574753e-01   0.0000000e+00  -2.0080501e-03
  -9.9590638e-01   0.0000000e+00  -1.9779610e-03
  -9.9606221e-01   0.0000000e+00  -1.9484362e-03
  -9.9621502e-01   0.0000000e+00  -1.9194764e-03
  -9.9636481e-01   0.0000000e+00  -1.8910820e-03
  -9.9651159e-01   0.0000000e+00  -1.8632534e-03
  -9.9665535e-01   0.0000000e+00  -1.8359912e-03
  -9.9679608e-01   0.0000000e+00  -1.8092959e-03
  -9.9693380e-01   0.0000000e+00  -1.7831678e-03
  -9.9706849e-01   0.0000000e+00  -1.7576074e-03
  -9.9720017e-01   0.0000000e+00  -1.7326152e-03
  -9.9732882e-01   0.0000000e+00  -1.7081915e-03
  -9.9745445e-01   0.0000000e+00  -1.6843369e-03
  -9.9757706e-01   0.0000000e+00  -1.6610517e-03
  -9.9769665e-01   0.0000000e+00  -1.6383362e-03
  -9.9781321e-01   0.0000000e+00  -1.6161909e-03
  -9.9792675e-01   0.0000000e+00  -1.5946162e-03
  -9.9803727e-01   0.0000000e+00  -1.5736124e-03
  -9.9814476e-01   0.0000000e+00  -1.5531799e-03
  -9.9824923e-01   0.0000000e+00  -1.5333191e-03
  -9.9835067e-01   0.0000000e+00  -1.5140301e-03
  -9.9844909e-01   0.0000000e+00  -1.4953135e-03
  -9.9854449e-01   0.0000000e+00  -1.4771695e-03
  -9.9863686e-01   0.0000000e+00  -1.4595984e-03
  -9.9872620e-01   0.0000000e+00  -1.4426005e-03
  -9.9881252e-01   0.0000000e+00  -1.4261761e-03
  -9.9889581e-01   0.0000000e+00  -1.4103255e-03
  -9.9897607e-01   0.0000000e+00  -1.3950490e-03
  -9.9905331e-01   0.0000000e+00  -1.3803468e-03
  -9.9912752e-01   0.0000000e+00  -1.3662191e-03
  -9.9919870e-01   0.0000000e+00  -1.3526662e-03
  -9.9926685e-01   0.0000000e+00  -1.3396884e-03
  -9.9933198e-01   0.0000000e+00  -1.3272858e-03
  -9.9939408e-01   0.0000000e+00  -1.3154586e-03
  -9.9945315e-01   0.0000000e+00  -1.3042072e-03
  -9.9950920e-01   0.0000000e+00  -1.2935315e-03
  -9.9956221e-01   0.0000000e+00  -1.2834319e-03
  -9.9961220e-01   0.0000000e+00  -1.2739086e-03
  -9.9965916e-01   0.0000000e+00  -1.2649615e-03
  -9.9970308e-01   0.0000000e+00  -1.2565910e-03
  -9.9974398e-01   0.0000000e+00  -1.2487972e-03
  -9.9978186e-01   0.0000000e+00  -1.2415801e-03
  -9.9981670e-01   0.0000000e+00  -1.2349400e-03
  -9.9984851e-01   0.0000000e+00  -1.2288769e-03
  -9.9987729e-01   0.0000000e+00  -1.2233909e-03
  -9.9990304e-01   0.0000000e+00  -1.2184822e-03
  -9.9992577e-01   0.0000000e+00  -1.2141507e-03
  -9.9994546e-01   0.0000000e+00  -1.2103966e-03
  -9.9996213e-01   0.0000000e+00  -1.2072200e-03
  -9.9997576e-01   0.0000000e+00  -1.2046209e-03
  -9.9998637e-01   0.0000000e+00  -1.2025993e-03
  -9.9999394e-01   0.0000000e+00  -1.2011552e-03
  -9.9999849e-01   0.0000000e+00  -1.2002888e-03
  -1.0000000e+00   0.0000000e+00  -1.2000000e-03
  -1.0000000e+00   0.0000000e+00  -0.0000000e+00
