  -2.8600000e+00   4.0000000e+00  -0.0000000e+00
  -2.8600039e+00   4.0000000e+00  -3.7084397e-04
  -2.8600156e+00   4.0000000e+00  -7.4024735e-04
  -2.8600351e+00   4.0000000e+00  -1.1082095e-03
  -2.8600624e+00   4.0000000e+00  -1.4747300e-03
  -2.8600975e+00   4.0000000e+00  -1.8398084e-03
  -2.8601404e+00   4.0000000e+00  -2.2034442e-03
  -2.8601911e+00   4.0000000e+00  -2.5656372e-03
  -2.8602496e+00   4.0000000e+00  -2.9263873e-03
  -2.8603159e+00   4.0000000e+00  -3.2856942e-03
  -2.8603900e+00   4.0000000e+00  -3.6435581e-03
  -2.8604719e+00   4.0000000e+00  -3.9999788e-03
  -2.8605616e+00   4.0000000e+00  -4.3549566e-03
  -2.8606591e+00   4.0000000e+00  -4.7084917e-03
  -2.8607644e+00   4.0000000e+00  -5.0605843e-03
  -2.8608775e+00   4.0000000e+00  -5.4112349e-03
  -2.8609984e+00   4.0000000e+00  -5.7604438e-03
  -2.8611271e+00   4.0000000e+00  -6.1082116e-03
  -2.8612635e+00   4.0000000e+00  -6.4545390e-03
  -2.8614078e+00   4.0000000e+00  -6.7994265e-03
  -2.8615598e+00   4.0000000e+00  -7.1428751e-03
  -2.8617197e+00   4.0000000e+00  -7.4848854e-03
  -2.8618873e+00   4.0000000e+00  -7.8254586e-03
  -2.8620627e+00   4.0000000e+00  -8.1645955e-03
  -2.8622459e+00   4.0000000e+00  -8.5022972e-03
  -2.8624369e+00   4.0000000e+00  -8.8385650e-03
  -2.8626356e+00   4.0000000e+00  -9.1734000e-03
  -2.8628422e+00   4.0000000e+00  -9.5068036e-03
  -2.8630565e+00   4.0000000e+00  -9.8387772e-03
  -2.8632786e+00   4.0000000e+00  -1.0169322e-02
  -2.8635085e+00   4.0000000e+00  -1.0498440e-02
  -2.8637461e+00   4.0000000e+00  -1.0826133e-02
  -2.8639915e+00   4.0000000e+00  -1.1152402e-02
  -2.8642447e+00   4.0000000e+00  -1.1477249e-02
  -2.8645057e+00   4.0000000e+00  -1.1800676e-02
  -2.8647744e+00   4.0000000e+00  -1.2122685e-02
  -2.8650509e+00   4.0000000e+00  -1.2443278e-02
  -2.8653352e+00   4.0000000e+00  -1.2762456e-02
  -2.8656272e+00   4.0000000e+00  -1.3080223e-02
  -2.8659269e+00   4.0000000e+00  -1.3396580e-02
  -2.8662344e+00   4.0000000e+00  -1.3711530e-02
  -2.8665497e+00   4.0000000e+00  -1.4025074e-02
  -2.8668727e+00   4.0000000e+00  -1.4337216e-02
  -2.8672035e+00   4.0000000e+00  -1.4647958e-02
  -2.8675420e+00   4.0000000e+00  -1.4957303e-02
  -2.8678883e+00   4.0000000e+00  -1.5265252e-02
  -2.8682423e+00   4.0000000e+00  -1.5571810e-02
  -2.8686040e+00   4.0000000e+00  -1.5876978e-02
  -2.8689735e+00   4.0000000e+00  -1.6180759e-02
  -2.8693507e+00   4.0000000e+00  -1.6483157e-02
  -2.8697356e+00   4.0000000e+00  -1.6784174e-02
  -2.8701283e+00   4.0000000e+00  -1.7083813e-02
  -2.8705287e+00   4.0000000e+00  -1.7382078e-02
  -2.8709368e+00   4.0000000e+00  -1.7678972e-02
  -2.8713526e+00   4.0000000e+00  -1.7974497e-02
  -2.8717761e+00   4.0000000e+00  -1.8268658e-02
  -2.8722073e+00   4.0000000e+00  -1.8561457e-02
  -2.8726463e+00   4.0000000e+00  -1.8852899e-02
  -2.8730929e+00   4.0000000e+00  -1.9142986e-02
  -2.8735472e+00   4.0000000e+00  -1.9431721e-02
  -2.8740093e+00   4.0000000e+00  -1.9719110e-02
  -2.8744790e+00   4.0000000e+00  -2.0005155e-02
  -2.8749564e+00   4.0000000e+00  -2.0289860e-02
  -2.8754415e+00   4.0000000e+00  -2.0573228e-02
  -2.8759343e+00   4.0000000e+00  -2.0855265e-02
  -2.8764348e+00   4.0000000e+00  -2.1135972e-02
  -2.8769429e+00   4.0000000e+00  -2.1415356e-02
  -2.8774587e+00   4.0000000e+00  -2.1693419e-02
  -2.8779822e+00   4.0000000e+00  -2.1970165e-02
  -2.8785133e+00   4.0000000e+00  -2.2245599e-02
  -2.8790521e+00   4.0000000e+00  -2.2519725e-02
  -2.8795985e+00   4.0000000e+00  -2.2792547e-02
  -2.8801526e+00   4.0000000e+00  -2.3064069e-02
  -2.8807143e+00   4.0000000e+00  -2.3334296e-02
  -2.8812837e+00   4.0000000e+00  -2.3603232e-02
  -2.8818607e+00   4.0000000e+00  -2.3870881e-02
  -2.8824453e+00   4.0000000e+00  -2.4137248e-02
  -2.8830376e+00   4.0000000e+00  -2.4402337e-02
  -2.8836375e+00   4.0000000e+00  -2.4666153e-02
  -2.8842450e+00   4.0000000e+00  -2.4928700e-02
  -2.8848601e+00   4.0000000e+00  -2.5189984e-02
  -2.8854828e+00   4.0000000e+00  -2.5450008e-02
  -2.8861131e+00   4.0000000e+00  -2.5708778e-02
  -2.8867510e+00   4.0000000e+00  -2.5966298e-02
  -2.8873965e+00   4.0000000e+00  -2.6222573e-02
  -2.8880496e+00   4.0000000e+00  -2.6477608e-02
  -2.8887103e+00   4.0000000e+00  -2.6731407e-02
  -2.8893785e+00   4.0000000e+00  -2.6983976e-02
  -2.8900544e+00   4.0000000e+00  -2.7235319e-02
  -2.8907378e+00   4.0000000e+00  -2.7485442e-02
  -2.8914287e+00   4.0000000e+00  -2.7734349e-02
  -2.8921272e+00   4.0000000e+00  -2.7982046e-02
  -2.8928333e+00   4.0000000e+00  -2.8228537e-02
  -2.8935469e+00   4.0000000e+00  -2.8473828e-02
  -2.8942681e+00   4.0000000e+00  -2.8717924e-02
  -2.8949967e+00   4.0000000e+00  -2.8960829e-02
  -2.8957329e+00   4.0000000e+00  -2.9202550e-02
  -2.8964767e+00   4.0000000e+00  -2.9443090e-02
  -2.8972279e+00   4.0000000e+00  -2.9682457e-02
  -2.8979867e+00   4.0000000e+00  -2.9920654e-02
  -2.8987529e+00   4.0000000e+00  -3.0157687e-02
  -2.8995267e+00   4.0000000e+00  -3.0393561e-02
  -2.9003080e+00   4.0000000e+00  -3.0628282e-02
  -2.9010967e+00   4.0000000e+00  -3.0861854e-02
  -2.9018929e+00   4.0000000e+00  -3.1094284e-02
  -2.9026966e+00   4.0000000e+00  -3.1325576e-02
  -2.9035078e+00   4.0000000e+00  -3.1555737e-02
  -2.9043264e+00   4.0000000e+00  -3.1784770e-02
  -2.9051525e+00   4.0000000e+00  -3.2012683e-02
  -2.9059860e+00   4.0000000e+00  -3.2239479e-02
  -2.9068270e+00   4.0000000e+00  -3.2465165e-02
  -2.9076754e+00   4.0000000e+00  -3.2689746e-02
  -2.9085312e+00   4.0000000e+00  -3.2913227e-02
  -2.9093945e+00   4.0000000e+00  -3.3135615e-02
  -2.9102652e+00   4.0000000e+00  -3.3356913e-02
  -2.9111433e+00   4.0000000e+00  -3.3577128e-02
  -2.9120288e+00   4.0000000e+00  -3.3796265e-02
  -2.9129216e+00   4.0000000e+00  -3.4014330e-02
  -2.9138219e+00   4.0000000e+00  -3.4231328e-02
  -2.9147296e+00   4.0000000e+00  -3.4447265e-02
  -2.9156446e+00   4.0000000e+00  -3.4662145e-02
  -2.9165670e+00   4.0000000e+00  -3.4875975e-02
  -2.9174967e+00   4.0000000e+00  -3.5088760e-02
  -2.9184338e+00   4.0000000e+00  -3.5300505e-02
  -2.9193783e+00   4.0000000e+00  -3.5511215e-02
  -2.9203301e+00   4.0000000e+00  -3.5720897e-02
  -2.9212892e+00   4.0000000e+00  -3.5929555e-02
  -2.9222557e+00   4.0000000e+00  -3.6137196e-02
  -2.9232294e+00   4.0000000e+00  -3.6343823e-02
  -2.9242105e+00   4.0000000e+00  -3.6549443e-02
  -2.9251988e+00   4.0000000e+00  -3.6754061e-02
  -2.9261945e+00   4.0000000e+00  -3.6957683e-02
  -2.9271974e+00   4.0000000e+00  -3.7160313e-02
  -2.9282077e+00   4.0000000e+00  -3.7361957e-02
  -2.9292252e+00   4.0000000e+00  -3.7562620e-02
  -2.9302499e+00   4.0000000e+00  -3.7762308e-02
  -2.9312819e+00   4.0000000e+00  -3.7961025e-02
  -2.9323212e+00   4.0000000e+00  -3.8158778e-02
  -2.9333677e+00   4.0000000e+00  -3.8355570e-02
  -2.9344214e+00   4.0000000e+00  -3.8551408e-02
  -2.9354823e+00   4.0000000e+00  -3.8746296e-02
  -2.9365505e+00   4.0000000e+00  -3.8940240e-02
  -2.9376258e+00   4.0000000e+00  -3.9133244e-02
  -2.9387084e+00   4.0000000e+00  -3.9325314e-02
  -2.9397981e+00   4.0000000e+00  -3.9516454e-02
  -2.9408950e+00   4.0000000e+00  -3.9706670e-02
  -2.9419991e+00   4.0000000e+00  -3.9895966e-02
  -2.9431103e+00   4.0000000e+00  -4.0084347e-02
  -2.9442287e+00   4.0000000e+00  -4.0271819e-02
  -2.9453543e+00   4.0000000e+00  -4.0458386e-02
  -2.9464869e+00   4.0000000e+00  -4.0644052e-02
  -2.9476268e+00   4.0000000e+00  -4.0828823e-02
  -2.9487737e+00   4.0000000e+00  -4.1012703e-02
  -2.9499277e+00   4.0000000e+00  -4.1195697e-02
  -2.9510888e+00   4.0000000e+00  -4.1377809e-02
  -2.9522571e+00   4.0000000e+00  -4.1559044e-02
  -2.9534324e+00   4.0000000e+00  -4.1739406e-02
  -2.9546147e+00   4.0000000e+00  -4.1918901e-02
  -2.9558042e+00   4.0000000e+00  -4.2097531e-02
  -2.9570007e+00   4.0000000e+00  -4.2275302e-02
  -2.9582042e+00   4.0000000e+00  -4.2452217e-02
  -2.9594148e+00   4.0000000e+00  -4.2628281e-02
  -2.9606324e+00   4.0000000e+00  -4.2803499e-02
  -2.9618570e+00   4.0000000e+00  -4.2977873e-02
  -2.9630886e+00   4.0000000e+00  -4.3151409e-02
  -2.9643272e+00   4.0000000e+00  -4.3324110e-02
  -2.9655728e+00   4.0000000e+00  -4.3495980e-02
  -2.9668254e+00   4.0000000e+00  -4.3667023e-02
  -2.9680849e+00   4.0000000e+00  -4.3837242e-02
  -2.9693514e+00   4.0000000e+00  -4.4006642e-02
  -2.9706249e+00   4.0000000e+00  -4.4175226e-02
  -2.9719053e+00   4.0000000e+00  -4.4342997e-02
  -2.9731926e+00   4.0000000e+00  -4.4509960e-02
  -2.9744869e+00   4.0000000e+00  -4.4676116e-02
  -2.9757880e+00   4.0000000e+00  -4.4841471e-02
  -2.9770960e+00   4.0000000e+00  -4.5006026e-02
  -2.9784110e+00   4.0000000e+00  -4.5169785e-02
  -2.9797328e+00   4.0000000e+00  -4.5332752e-02
  -2.9810615e+00   4.0000000e+00  -4.5494929e-02
  -2.9823970e+00   4.0000000e+00  -4.5656319e-02
  -2.9837394e+00   4.0000000e+00  -4.5816926e-02
  -2.9850886e+00   4.0000000e+00  -4.5976751e-02
  -2.9864446e+00   4.0000000e+00  -4.6135797e-02
  -2.9878075e+00   4.0000000e+00  -4.6294068e-02
  -2.9891772e+00   4.0000000e+00  -4.6451565e-02
  -2.9905536e+00   4.0000000e+00  -4.6608291e-02
  -2.9919368e+00   4.0000000e+00  -4.6764249e-02
  -2.9933268e+00   4.0000000e+00  -4.6919440e-02
  -2.9947236e+00   4.0000000e+00  -4.7073867e-02
  -2.9961271e+00   4.0000000e+00  -4.7227531e-02
  -2.9975374e+00   4.0000000e+00  -4.7380435e-02
  -2.9989544e+00   4.0000000e+00  -4.7532581e-02
  -3.0003781e+00   4.0000000e+00  -4.7683969e-02
  -3.0018085e+00   4.0000000e+00  -4.7834603e-02
  -3.0032456e+00   4.0000000e+00  -4.7984483e-02
  -3.0046894e+00   4.0000000e+00  -4.8133611e-02
  -3.0061399e+00   4.0000000e+00  -4.8281988e-02
  -3.0075970e+00   4.0000000e+00  -4.8429615e-02
  -3.0090607e+00   4.0000000e+00  -4.8576494e-02
  -3.0105312e+00   4.0000000e+00  -4.8722625e-02
  -3.0120082e+00   4.0000000e+00  -4.8868010e-02
  -3.0134918e+00   4.0000000e+00  -4.9012648e-02
  -3.0149821e+00   4.0000000e+00  -4.9156542e-02
  -3.0164790e+00   4.0000000e+00  -4.9299691e-02
  -3.0179824e+00   4.0000000e+00  -4.9442096e-02
  -3.0194924e+00   4.0000000e+00  -4.9583757e-02
  -3.0210089e+00   4.0000000e+00  -4.9724674e-02
  -3.0225320e+00   4.0000000e+00  -4.9864848e-02
  -3.0240617e+00   4.0000000e+00  -5.0004278e-02
  -3.0255978e+00   4.0000000e+00  -5.0142965e-02
  -3.0271405e+00   4.0000000e+00  -5.0280907e-02
  -3.0286896e+00   4.0000000e+00  -5.0418105e-02
  -3.0302453e+00   4.0000000e+00  -5.0554558e-02
  -3.0318074e+00   4.0000000e+00  -5.0690266e-02
  -3.0333760e+00   4.0000000e+00  -5.0825227e-02
  -3.0349510e+00   4.0000000e+00  -5.0959440e-02
  -3.0365325e+00   4.0000000e+00  -5.1092906e-02
  -3.0381204e+00   4.0000000e+00  -5.1225622e-02
  -3.0397147e+00   4.0000000e+00  -5.1357587e-02
  -3.0413154e+00   4.0000000e+00  -5.1488800e-02
  -3.0429225e+00   4.0000000e+00  -5.1619259e-02
  -3.0445359e+00   4.0000000e+00  -5.1748962e-02
  -3.0461557e+00   4.0000000e+00  -5.1877909e-02
  -3.0477819e+00   4.0000000e+00  -5.2006095e-02
  -3.0494144e+00   4.0000000e+00  -5.2133521e-02
  -3.0510532e+00   4.0000000e+00  -5.2260182e-02
  -3.0526984e+00   4.0000000e+00  -5.2386078e-02
  -3.0543498e+00   4.0000000e+00  -5.2511205e-02
  -3.0560076e+00   4.0000000e+00  -5.2635560e-02
  -3.0576715e+00   4.0000000e+00  -5.2759142e-02
  -3.0593418e+00   4.0000000e+00  -5.2881946e-02
  -3.0610183e+00   4.0000000e+00  -5.3003970e-02
  -3.0627010e+00   4.0000000e+00  -5.3125210e-02
  -3.0643900e+00   4.0000000e+00  -5.3245664e-02
  -3.0660852e+00   4.0000000e+00  -5.3365326e-02
  -3.0677865e+00   4.0000000e+00  -5.3484195e-02
  -3.0694940e+00   4.0000000e+00  -5.3602265e-02
  -3.0712077e+00   4.0000000e+00  -5.3719534e-02
  -3.0729276e+00   4.0000000e+00  -5.3835996e-02
  -3.0746536e+00   4.0000000e+00  -5.3951647e-02
  -3.0763857e+00   4.0000000e+00  -5.4066483e-02
  -3.0781240e+00   4.0000000e+00  -5.4180499e-02
  -3.0798683e+00   4.0000000e+00  -5.4293691e-02
  -3.0816187e+00   4.0000000e+00  -5.4406053e-02
  -3.0833752e+00   4.0000000e+00  -5.4517580e-02
  -3.0851378e+00   4.0000000e+00  -5.4628268e-02
  -3.0869064e+00   4.0000000e+00  -5.4738110e-02
  -3.0886810e+00   4.0000000e+00  -5.4847101e-02
  -3.0904616e+00   4.0000000e+00  -5.4955235e-02
  -3.0922483e+00   4.0000000e+00  -5.5062507e-02
  -3.0940409e+00   4.0000000e+00  -5.5168909e-02
  -3.0958395e+00   4.0000000e+00  -5.5274437e-02
  -3.0976441e+00   4.0000000e+00  -5.5379083e-02
  -3.0994546e+00   4.0000000e+00  -5.5482841e-02
  -3.1012711e+00   4.0000000e+00  -5.5585704e-02
  -3.1030934e+00   4.0000000e+00  -5.5687665e-02
  -3.1049217e+00   4.0000000e+00  -5.5788718e-02
  -3.1067559e+00   4.0000000e+00  -5.5888854e-02
  -3.1085959e+00   4.0000000e+00  -5.5988066e-02
  -3.1104418e+00   4.0000000e+00  -5.6086348e-02
  -3.1122936e+00   4.0000000e+00  -5.6183690e-02
  -3.1141512e+00   4.0000000e+00  -5.6280086e-02
  -3.1160146e+00   4.0000000e+00  -5.6375526e-02
  -3.1178838e+00   4.0000000e+00  -5.6470003e-02
  -3.1197588e+00   4.0000000e+00  -5.6563508e-02
  -3.1216396e+00   4.0000000e+00  -5.6656032e-02
  -3.1235261e+00   4.0000000e+00  -5.6747567e-02
  -3.1254184e+00   4.0000000e+00  -5.6838104e-02
  -3.1273164e+00   4.0000000e+00  -5.6927633e-02
  -3.1292201e+00   4.0000000e+00  -5.7016145e-02
  -3.1311295e+00   4.0000000e+00  -5.7103631e-02
  -3.1330447e+00   4.0000000e+00  -5.7190080e-02
  -3.1349654e+00   4.0000000e+00  -5.7275483e-02
  -3.1368919e+00   4.0000000e+00  -5.7359830e-02
  -3.1388240e+00   4.0000000e+00  -5.7443110e-02
  -3.1407617e+00   4.0000000e+00  -5.7525314e-02
  -3.1427050e+00   4.0000000e+00  -5.7606430e-02
  -3.1446539e+00   4.0000000e+00  -5.7686447e-02
  -3.1466084e+00   4.0000000e+00  -5.7765355e-02
  -3.1485684e+00   4.0000000e+00  -5.7843142e-02
  -3.1505341e+00   4.0000000e+00  -5.7919798e-02
  -3.1525052e+00   4.0000000e+00  -5.7995310e-02
  -3.1544819e+00   4.0000000e+00  -5.8069666e-02
  -3.1564640e+00   4.0000000e+00  -5.8142855e-02
  -3.1584517e+00   4.0000000e+00  -5.8214866e-02
  -3.1604448e+00   4.0000000e+00  -5.8285684e-02
  -3.1624434e+00   4.0000000e+00  -5.8355298e-02
  -3.1644474e+00   4.0000000e+00  -5.8423696e-02
  -3.1664569e+00   4.0000000e+00  -5.8490864e-02
  -3.1684717e+00   4.0000000e+00  -5.8556789e-02
  -3.1704920e+00   4.0000000e+00  -5.8621459e-02
  -3.1725176e+00   4.0000000e+00  -5.8684859e-02
  -3.1745486e+00   4.0000000e+00  -5.8746976e-02
  -3.1765850e+00   4.0000000e+00  -5.8807797e-02
  -3.1786267e+00   4.0000000e+00  -5.8867306e-02
  -3.1806737e+00   4.0000000e+00  -5.8925491e-02
  -3.1827260e+00   4.0000000e+00  -5.8982337e-02
  -3.1847835e+00   4.0000000e+00  -5.9037829e-02
  -3.1868464e+00   4.0000000e+00  -5.9091952e-02
  -3.1889145e+00   4.0000000e+00  -5.9144692e-02
  -3.1909878e+00   4.0000000e+00  -5.9196033e-02
  -3.1930664e+00   4.0000000e+00  -5.9245960e-02
  -3.1951501e+00   4.0000000e+00  -5.9294458e-02
  -3.1972390e+00   4.0000000e+00  -5.9341510e-02
  -3.1993332e+00   4.0000000e+00  -5.9387102e-02
  -3.2014324e+00   4.0000000e+00  -5.9431217e-02
  -3.2035368e+00   4.0000000e+00  -5.9473838e-02
  -3.2056464e+00   4.0000000e+00  -5.9514949e-02
  -3.2077610e+00   4.0000000e+00  -5.9554534e-02
  -3.2098807e+00   4.0000000e+00  -5.9592575e-02
  -3.2120055e+00   4.0000000e+00  -5.9629056e-02
  -3.2141353e+00   4.0000000e+00  -5.9663960e-02
  -3.2162702e+00   4.0000000e+00  -5.9697269e-02
  -3.2184101e+00   4.0000000e+00  -5.9728965e-02
  -3.2205550e+00   4.0000000e+00  -5.9759030e-02
  -3.2227049e+00   4.0000000e+00  -5.9787448e-02
  -3.2248598e+00   4.0000000e+00  -5.9814198e-02
  -3.2270196e+00   4.0000000e+00  -5.9839264e-02
  -3.2291844e+00   4.0000000e+00  -5.9862627e-02
  -3.2313541e+00   4.0000000e+00  -5.9884267e-02
  -3.2335286e+00   4.0000000e+00  -5.9904166e-02
  -3.2357081e+00   4.0000000e+00  -5.9922305e-02
  -3.2378925e+00   4.0000000e+00  -5.9938664e-02
  -3.2400817e+00   4.0000000e+00  -5.9953225e-02
  -3.2422757e+00   4.0000000e+00  -5.9965966e-02
  -3.2444745e+00   4.0000000e+00  -5.9976869e-02
  -3.2466782e+00   4.0000000e+00  -5.9985914e-02
  -3.2488866e+00   4.0000000e+00  -5.9993079e-02
  -3.2510998e+00   4.0000000e+00  -5.9998345e-02
  -3.2533178e+00   4.0000000e+00  -6.0001691e-02
  -3.2555405e+00   4.0000000e+00  -6.0003096e-02
  -3.2577679e+00   4.0000000e+00  -6.0002540e-02
  -3.2600000e+00   4.0000000e+00  -6.0000000e-02
  -3.2600000e+00   4.0000000e+00  -6.0000000e-02
  -3.2615947e+00   4.0000000e+00  -5.9999054e-02
  -3.2631883e+00   4.0000000e+00  -5.9997240e-02
  -3.2647805e+00   4.0000000e+00  -5.9994559e-02
  -3.2663716e+00   4.0000000e+00  -5.9991014e-02
  -3.2679615e+00   4.0000000e+00  -5.9986608e-02
  -3.2695501e+00   4.0000000e+00  -5.9981342e-02
  -3.2711374e+00   4.0000000e+00  -5.9975219e-02
  -3.2727235e+00   4.0000000e+00  -5.9968242e-02
  -3.2743084e+00   4.0000000e+00  -5.9960412e-02
  -3.2758920e+00   4.0000000e+00  -5.9951733e-02
  -3.2774744e+00   4.0000000e+00  -5.9942206e-02
  -3.2790554e+00   4.0000000e+00  -5.9931835e-02
  -3.2806353e+00   4.0000000e+00  -5.9920620e-02
  -3.2822138e+00   4.0000000e+00  -5.9908566e-02
  -3.2837911e+00   4.0000000e+00  -5.9895674e-02
  -3.2853670e+00   4.0000000e+00  -5.9881946e-02
  -3.2869417e+00   4.0000000e+00  -5.9867386e-02
  -3.2885151e+00   4.0000000e+00  -5.9851995e-02
  -3.2900872e+00   4.0000000e+00  -5.9835776e-02
  -3.2916580e+00   4.0000000e+00  -5.9818732e-02
  -3.2932275e+00   4.0000000e+00  -5.9800865e-02
  -3.2947957e+00   4.0000000e+00  -5.9782177e-02
  -3.2963625e+00   4.0000000e+00  -5.9762671e-02
  -3.2979281e+00   4.0000000e+00  -5.9742349e-02
  -3.2994923e+00   4.0000000e+00  -5.9721215e-02
  -3.3010551e+00   4.0000000e+00  -5.9699269e-02
  -3.3026167e+00   4.0000000e+00  -5.9676516e-02
  -3.3041769e+00   4.0000000e+00  -5.9652957e-02
  -3.3057357e+00   4.0000000e+00  -5.9628595e-02
  -3.3072932e+00   4.0000000e+00  -5.9603433e-02
  -3.3088494e+00   4.0000000e+00  -5.9577472e-02
  -3.3104042e+00   4.0000000e+00  -5.9550716e-02
  -3.3119576e+00   4.0000000e+00  -5.9523167e-02
  -3.3135096e+00   4.0000000e+00  -5.9494828e-02
  -3.3150603e+00   4.0000000e+00  -5.9465701e-02
  -3.3166096e+00   4.0000000e+00  -5.9435789e-02
  -3.3181575e+00   4.0000000e+00  -5.9405094e-02
  -3.3197041e+00   4.0000000e+00  -5.9373619e-02
  -3.3212492e+00   4.0000000e+00  -5.9341367e-02
  -3.3227929e+00   4.0000000e+00  -5.9308339e-02
  -3.3243353e+00   4.0000000e+00  -5.9274540e-02
  -3.3258762e+00   4.0000000e+00  -5.9239970e-02
  -3.3274157e+00   4.0000000e+00  -5.9204634e-02
  -3.3289538e+00   4.0000000e+00  -5.9168533e-02
  -3.3304905e+00   4.0000000e+00  -5.9131670e-02
  -3.3320257e+00   4.0000000e+00  -5.9094048e-02
  -3.3335596e+00   4.0000000e+00  -5.9055669e-02
  -3.3350919e+00   4.0000000e+00  -5.9016536e-02
  -3.3366229e+00   4.0000000e+00  -5.8976652e-02
  -3.3381524e+00   4.0000000e+00  -5.8936019e-02
  -3.3396805e+00   4.0000000e+00  -5.8894640e-02
  -3.3412071e+00   4.0000000e+00  -5.8852518e-02
  -3.3427322e+00   4.0000000e+00  -5.8809655e-02
  -3.3442559e+00   4.0000000e+00  -5.8766054e-02
  -3.3457781e+00   4.0000000e+00  -5.8721718e-02
  -3.3472988e+00   4.0000000e+00  -5.8676648e-02
  -3.3488181e+00   4.0000000e+00  -5.8630849e-02
  -3.3503359e+00   4.0000000e+00  -5.8584323e-02
  -3.3518522e+00   4.0000000e+00  -5.8537072e-02
  -3.3533670e+00   4.0000000e+00  -5.8489099e-02
  -3.3548803e+00   4.0000000e+00  -5.8440407e-02
  -3.3563921e+00   4.0000000e+00  -5.8390998e-02
  -3.3579024e+00   4.0000000e+00  -5.8340876e-02
  -3.3594112e+00   4.0000000e+00  -5.8290042e-02
  -3.3609185e+00   4.0000000e+00  -5.8238500e-02
  -3.3624243e+00   4.0000000e+00  -5.8186253e-02
  -3.3639286e+00   4.0000000e+00  -5.8133302e-02
  -3.3654313e+00   4.0000000e+00  -5.8079652e-02
  -3.3669325e+00   4.0000000e+00  -5.8025304e-02
  -3.3684321e+00   4.0000000e+00  -5.7970262e-02
  -3.3699302e+00   4.0000000e+00  -5.7914527e-02
  -3.3714268e+00   4.0000000e+00  -5.7858104e-02
  -3.3729218e+00   4.0000000e+00  -5.7800994e-02
  -3.3744153e+00   4.0000000e+00  -5.7743201e-02
  -3.3759072e+00   4.0000000e+00  -5.7684727e-02
  -3.3773976e+00   4.0000000e+00  -5.7625575e-02
  -3.3788863e+00   4.0000000e+00  -5.7565747e-02
  -3.3803735e+00   4.0000000e+00  -5.7505247e-02
  -3.3818592e+00   4.0000000e+00  -5.7444078e-02
  -3.3833432e+00   4.0000000e+00  -5.7382242e-02
  -3.3848257e+00   4.0000000e+00  -5.7319741e-02
  -3.3863065e+00   4.0000000e+00  -5.7256580e-02
  -3.3877858e+00   4.0000000e+00  -5.7192760e-02
  -3.3892635e+00   4.0000000e+00  -5.7128284e-02
  -3.3907396e+00   4.0000000e+00  -5.7063156e-02
  -3.3922140e+00   4.0000000e+00  -5.6997378e-02
  -3.3936869e+00   4.0000000e+00  -5.6930952e-02
  -3.3951581e+00   4.0000000e+00  -5.6863883e-02
  -3.3966277e+00   4.0000000e+00  -5.6796171e-02
  -3.3980957e+00   4.0000000e+00  -5.6727822e-02
  -3.3995621e+00   4.0000000e+00  -5.6658836e-02
  -3.4010268e+00   4.0000000e+00  -5.6589218e-02
  -3.4024899e+00   4.0000000e+00  -5.6518969e-02
  -3.4039513e+00   4.0000000e+00  -5.6448093e-02
  -3.4054111e+00   4.0000000e+00  -5.6376593e-02
  -3.4068693e+00   4.0000000e+00  -5.6304471e-02
  -3.4083257e+00   4.0000000e+00  -5.6231731e-02
  -3.4097806e+00   4.0000000e+00  -5.6158375e-02
  -3.4112337e+00   4.0000000e+00  -5.6084406e-02
  -3.4126852e+00   4.0000000e+00  -5.6009827e-02
  -3.4141350e+00   4.0000000e+00  -5.5934641e-02
  -3.4155831e+00   4.0000000e+00  -5.5858851e-02
  -3.4170296e+00   4.0000000e+00  -5.5782460e-02
  -3.4184744e+00   4.0000000e+00  -5.5705470e-02
  -3.4199174e+00   4.0000000e+00  -5.5627884e-02
  -3.4213588e+00   4.0000000e+00  -5.5549706e-02
  -3.4227985e+00   4.0000000e+00  -5.5470938e-02
  -3.4242364e+00   4.0000000e+00  -5.5391584e-02
  -3.4256727e+00   4.0000000e+00  -5.5311645e-02
  -3.4271072e+00   4.0000000e+00  -5.5231125e-02
  -3.4285401e+00   4.0000000e+00  -5.5150028e-02
  -3.4299712e+00   4.0000000e+00  -5.5068355e-02
  -3.4314005e+00   4.0000000e+00  -5.4986110e-02
  -3.4328282e+00   4.0000000e+00  -5.4903295e-02
  -3.4342541e+00   4.0000000e+00  -5.4819915e-02
  -3.4356783e+00   4.0000000e+00  -5.4735970e-02
  -3.4371007e+00   4.0000000e+00  -5.4651466e-02
  -3.4385213e+00   4.0000000e+00  -5.4566403e-02
  -3.4399403e+00   4.0000000e+00  -5.4480786e-02
  -3.4413574e+00   4.0000000e+00  -5.4394618e-02
  -3.4427728e+00   4.0000000e+00  -5.4307900e-02
  -3.4441865e+00   4.0000000e+00  -5.4220637e-02
  -3.4455983e+00   4.0000000e+00  -5.4132831e-02
  -3.4470084e+00   4.0000000e+00  -5.4044485e-02
  -3.4484168e+00   4.0000000e+00  -5.3955603e-02
  -3.4498233e+00   4.0000000e+00  -5.3866186e-02
  -3.4512280e+00   4.0000000e+00  -5.3776238e-02
  -3.4526310e+00   4.0000000e+00  -5.3685762e-02
  -3.4540321e+00   4.0000000e+00  -5.3594761e-02
  -3.4554315e+00   4.0000000e+00  -5.3503239e-02
  -3.4568291e+00   4.0000000e+00  -5.3411196e-02
  -3.4582248e+00   4.0000000e+00  -5.3318638e-02
  -3.4596187e+00   4.0000000e+00  -5.3225567e-02
  -3.4610108e+00   4.0000000e+00  -5.3131985e-02
  -3.4624011e+00   4.0000000e+00  -5.3037897e-02
  -3.4637896e+00   4.0000000e+00  -5.2943304e-02
  -3.4651763e+00   4.0000000e+00  -5.2848210e-02
  -3.4665611e+00   4.0000000e+00  -5.2752617e-02
  -3.4679440e+00   4.0000000e+00  -5.2656530e-02
  -3.4693252e+00   4.0000000e+00  -5.2559950e-02
  -3.4707044e+00   4.0000000e+00  -5.2462881e-02
  -3.4720819e+00   4.0000000e+00  -5.2365325e-02
  -3.4734574e+00   4.0000000e+00  -5.2267287e-02
  -3.4748312e+00   4.0000000e+00  -5.2168768e-02
  -3.4762030e+00   4.0000000e+00  -5.2069772e-02
  -3.4775730e+00   4.0000000e+00  -5.1970301e-02
  -3.4789411e+00   4.0000000e+00  -5.1870360e-02
  -3.4803074e+00   4.0000000e+00  -5.1769950e-02
  -3.4816717e+00   4.0000000e+00  -5.1669075e-02
  -3.4830342e+00   4.0000000e+00  -5.1567738e-02
  -3.4843948e+00   4.0000000e+00  -5.1465941e-02
  -3.4857535e+00   4.0000000e+00  -5.1363689e-02
  -3.4871103e+00   4.0000000e+00  -5.1260983e-02
  -3.4884652e+00   4.0000000e+00  -5.1157827e-02
  -3.4898182e+00   4.0000000e+00  -5.1054224e-02
  -3.4911693e+00   4.0000000e+00  -5.0950177e-02
  -3.4925185e+00   4.0000000e+00  -5.0845689e-02
  -3.4938657e+00   4.0000000e+00  -5.0740763e-02
  -3.4952111e+00   4.0000000e+00  -5.0635402e-02
  -3.4965545e+00   4.0000000e+00  -5.0529609e-02
  -3.4978960e+00   4.0000000e+00  -5.0423387e-02
  -3.4992355e+00   4.0000000e+00  -5.0316739e-02
  -3.5005731e+00   4.0000000e+00  -5.0209668e-02
  -3.5019088e+00   4.0000000e+00  -5.0102177e-02
  -3.5032425e+00   4.0000000e+00  -4.9994270e-02
  -3.5045743e+00   4.0000000e+00  -4.9885948e-02
  -3.5059042e+00   4.0000000e+00  -4.9777216e-02
  -3.5072320e+00   4.0000000e+00  -4.9668076e-02
  -3.5085579e+00   4.0000000e+00  -4.9558532e-02
  -3.5098819e+00   4.0000000e+00  -4.9448586e-02
  -3.5112039e+00   4.0000000e+00  -4.9338241e-02
  -3.5125239e+00   4.0000000e+00  -4.9227501e-02
  -3.5138419e+00   4.0000000e+00  -4.9116368e-02
  -3.5151579e+00   4.0000000e+00  -4.9004845e-02
  -3.5164720e+00   4.0000000e+00  -4.8892937e-02
  -3.5177841e+00   4.0000000e+00  -4.8780645e-02
  -3.5190942e+00   4.0000000e+00  -4.8667972e-02
  -3.5204022e+00   4.0000000e+00  -4.8554922e-02
  -3.5217083e+00   4.0000000e+00  -4.8441498e-02
  -3.5230124e+00   4.0000000e+00  -4.8327703e-02
  -3.5243145e+00   4.0000000e+00  -4.8213540e-02
  -3.5256145e+00   4.0000000e+00  -4.8099011e-02
  -3.5269126e+00   4.0000000e+00  -4.7984120e-02
  -3.5282086e+00   4.0000000e+00  -4.7868871e-02
  -3.5295026e+00   4.0000000e+00  -4.7753265e-02
  -3.5307945e+00   4.0000000e+00  -4.7637307e-02
  -3.5320845e+00   4.0000000e+00  -4.7520998e-02
  -3.5333724e+00   4.0000000e+00  -4.7404343e-02
  -3.5346582e+00   4.0000000e+00  -4.7287344e-02
  -3.5359420e+00   4.0000000e+00  -4.7170004e-02
  -3.5372238e+00   4.0000000e+00  -4.7052327e-02
  -3.5385035e+00   4.0000000e+00  -4.6934314e-02
  -3.5397812e+00   4.0000000e+00  -4.6815971e-02
  -3.5410568e+00   4.0000000e+00  -4.6697299e-02
  -3.5423303e+00   4.0000000e+00  -4.6578301e-02
  -3.5436017e+00   4.0000000e+00  -4.6458981e-02
  -3.5448711e+00   4.0000000e+00  -4.6339341e-02
  -3.5461385e+00   4.0000000e+00  -4.6219385e-02
  -3.5474037e+00   4.0000000e+00  -4.6099116e-02
  -3.5486669e+00   4.0000000e+00  -4.5978537e-02
  -3.5499279e+00   4.0000000e+00  -4.5857650e-02
  -3.5511869e+00   4.0000000e+00  -4.5736460e-02
  -3.5524438e+00   4.0000000e+00  -4.5614968e-02
  -3.5536986e+00   4.0000000e+00  -4.5493178e-02
  -3.5549513e+00   4.0000000e+00  -4.5371093e-02
  -3.5562018e+00   4.0000000e+00  -4.5248716e-02
  -3.5574503e+00   4.0000000e+00  -4.5126050e-02
  -3.5586967e+00   4.0000000e+00  -4.5003099e-02
  -3.5599409e+00   4.0000000e+00  -4.4879864e-02
  -3.5611830e+00   4.0000000e+00  -4.4756350e-02
  -3.5624230e+00   4.0000000e+00  -4.4632559e-02
  -3.5636609e+00   4.0000000e+00  -4.4508495e-02
  -3.5648966e+00   4.0000000e+00  -4.4384160e-02
  -3.5661302e+00   4.0000000e+00  -4.4259557e-02
  -3.5673617e+00   4.0000000e+00  -4.4134689e-02
  -3.5685910e+00   4.0000000e+00  -4.4009560e-02
  -3.5698182e+00   4.0000000e+00  -4.3884173e-02
  -3.5710432e+00   4.0000000e+00  -4.3758530e-02
  -3.5722661e+00   4.0000000e+00  -4.3632635e-02
  -3.5734868e+00   4.0000000e+00  -4.3506490e-02
  -3.5747053e+00   4.0000000e+00  -4.3380099e-02
  -3.5759217e+00   4.0000000e+00  -4.3253465e-02
  -3.5771359e+00   4.0000000e+00  -4.3126590e-02
  -3.5783479e+00   4.0000000e+00  -4.2999479e-02
  -3.5795578e+00   4.0000000e+00  -4.2872133e-02
  -3.5807655e+00   4.0000000e+00  -4.2744555e-02
  -3.5819710e+00   4.0000000e+00  -4.2616750e-02
  -3.5831743e+00   4.0000000e+00  -4.2488720e-02
  -3.5843754e+00   4.0000000e+00  -4.2360467e-02
  -3.5855743e+00   4.0000000e+00  -4.2231996e-02
  -3.5867710e+00   4.0000000e+00  -4.2103308e-02
  -3.5879656e+00   4.0000000e+00  -4.1974407e-02
  -3.5891579e+00   4.0000000e+00  -4.1845297e-02
  -3.5903480e+00   4.0000000e+00  -4.1715979e-02
  -3.5915359e+00   4.0000000e+00  -4.1586458e-02
  -3.5927216e+00   4.0000000e+00  -4.1456735e-02
  -3.5939050e+00   4.0000000e+00  -4.1326815e-02
  -3.5950863e+00   4.0000000e+00  -4.1196699e-02
  -3.5962653e+00   4.0000000e+00  -4.1066392e-02
  -3.5974420e+00   4.0000000e+00  -4.0935896e-02
  -3.5986166e+00   4.0000000e+00  -4.0805214e-02
  -3.5997889e+00   4.0000000e+00  -4.0674349e-02
  -3.6009589e+00   4.0000000e+00  -4.0543304e-02
  -3.6021268e+00   4.0000000e+00  -4.0412082e-02
  -3.6032923e+00   4.0000000e+00  -4.0280687e-02
  -3.6044557e+00   4.0000000e+00  -4.0149120e-02
  -3.6056167e+00   4.0000000e+00  -4.0017386e-02
  -3.6067755e+00   4.0000000e+00  -3.9885486e-02
  -3.6079321e+00   4.0000000e+00  -3.9753425e-02
  -3.6090863e+00   4.0000000e+00  -3.9621205e-02
  -3.6102383e+00   4.0000000e+00  -3.9488829e-02
  -3.6113881e+00   4.0000000e+00  -3.9356301e-02
  -3.6125355e+00   4.0000000e+00  -3.9223622e-02
  -3.6136807e+00   4.0000000e+00  -3.9090796e-02
  -3.6148236e+00   4.0000000e+00  -3.8957826e-02
  -3.6159642e+00   4.0000000e+00  -3.8824715e-02
  -3.6171025e+00   4.0000000e+00  -3.8691467e-02
  -3.6182385e+00   4.0000000e+00  -3.8558083e-02
  -3.6193722e+00   4.0000000e+00  -3.8424567e-02
  -3.6205037e+00   4.0000000e+00  -3.8290922e-02
  -3.6216328e+00   4.0000000e+00  -3.8157151e-02
  -3.6227596e+00   4.0000000e+00  -3.8023256e-02
  -3.6238841e+00   4.0000000e+00  -3.7889242e-02
  -3.6250063e+00   4.0000000e+00  -3.7755110e-02
  -3.6261261e+00   4.0000000e+00  -3.7620864e-02
  -3.6272437e+00   4.0000000e+00  -3.7486507e-02
  -3.6283589e+00   4.0000000e+00  -3.7352041e-02
  -3.6294718e+00   4.0000000e+00  -3.7217469e-02
  -3.6305823e+00   4.0000000e+00  -3.7082795e-02
  -3.6316906e+00   4.0000000e+00  -3.6948022e-02
  -3.6327965e+00   4.0000000e+00  -3.6813152e-02
  -3.6339000e+00   4.0000000e+00  -3.6678188e-02
  -3.6350012e+00   4.0000000e+00  -3.6543134e-02
  -3.6361001e+00   4.0000000e+00  -3.6407992e-02
  -3.6371966e+00   4.0000000e+00  -3.6272764e-02
  -3.6382907e+00   4.0000000e+00  -3.6137455e-02
  -3.6393825e+00   4.0000000e+00  -3.6002067e-02
  -3.6404719e+00   4.0000000e+00  -3.5866603e-02
  -3.6415590e+00   4.0000000e+00  -3.5731065e-02
  -3.6426437e+00   4.0000000e+00  -3.5595458e-02
  -3.6437260e+00   4.0000000e+00  -3.5459782e-02
  -3.6448059e+00   4.0000000e+00  -3.5324043e-02
  -3.6458835e+00   4.0000000e+00  -3.5188242e-02
  -3.6469587e+00   4.0000000e+00  -3.5052382e-02
  -3.6480315e+00   4.0000000e+00  -3.4916466e-02
  -3.6491019e+00   4.0000000e+00  -3.4780498e-02
  -3.6501699e+00   4.0000000e+00  -3.4644479e-02
  -3.6512356e+00   4.0000000e+00  -3.4508414e-02
  -3.6522988e+00   4.0000000e+00  -3.4372304e-02
  -3.6533596e+00   4.0000000e+00  -3.4236153e-02
  -3.6544181e+00   4.0000000e+00  -3.4099963e-02
  -3.6554741e+00   4.0000000e+00  -3.3963738e-02
  -3.6565277e+00   4.0000000e+00  -3.3827480e-02
  -3.6575789e+00   4.0000000e+00  -3.3691193e-02
  -3.6586277e+00   4.0000000e+00  -3.3554878e-02
  -3.6596741e+00   4.0000000e+00  -3.3418539e-02
  -3.6607180e+00   4.0000000e+00  -3.3282179e-02
  -3.6617595e+00   4.0000000e+00  -3.3145801e-02
  -3.6627986e+00   4.0000000e+00  -3.3009407e-02
  -3.6638352e+00   4.0000000e+00  -3.2873000e-02
  -3.6648695e+00   4.0000000e+00  -3.2736584e-02
  -3.6659012e+00   4.0000000e+00  -3.2600160e-02
  -3.6669306e+00   4.0000000e+00  -3.2463732e-02
  -3.6679575e+00   4.0000000e+00  -3.2327303e-02
  -3.6689819e+00   4.0000000e+00  -3.2190876e-02
  -3.6700039e+00   4.0000000e+00  -3.2054452e-02
  -3.6710234e+00   4.0000000e+00  -3.1918036e-02
  -3.6720405e+00   4.0000000e+00  -3.1781630e-02
  -3.6730551e+00   4.0000000e+00  -3.1645236e-02
  -3.6740673e+00   4.0000000e+00  -3.1508859e-02
  -3.6750770e+00   4.0000000e+00  -3.1372499e-02
  -3.6760842e+00   4.0000000e+00  -3.1236160e-02
  -3.6770890e+00   4.0000000e+00  -3.1099846e-02
  -3.6780912e+00   4.0000000e+00  -3.0963558e-02
  -3.6790910e+00   4.0000000e+00  -3.0827300e-02
  -3.6800883e+00   4.0000000e+00  -3.0691074e-02
  -3.6810832e+00   4.0000000e+00  -3.0554883e-02
  -3.6820755e+00   4.0000000e+00  -3.0418730e-02
  -3.6830653e+00   4.0000000e+00  -3.0282617e-02
  -3.6840527e+00   4.0000000e+00  -3.0146548e-02
  -3.6850376e+00   4.0000000e+00  -3.0010526e-02
  -3.6860199e+00   4.0000000e+00  -2.9874552e-02
  -3.6869998e+00   4.0000000e+00  -2.9738629e-02
  -3.6879771e+00   4.0000000e+00  -2.9602761e-02
  -3.6889520e+00   4.0000000e+00  -2.9466951e-02
  -3.6899243e+00   4.0000000e+00  -2.9331200e-02
  -3.6908941e+00   4.0000000e+00  -2.9195511e-02
  -3.6918614e+00   4.0000000e+00  -2.9059889e-02
  -3.6928262e+00   4.0000000e+00  -2.8924334e-02
  -3.6937884e+00   4.0000000e+00  -2.8788850e-02
  -3.6947482e+00   4.0000000e+00  -2.8653439e-02
  -3.6957054e+00   4.0000000e+00  -2.8518105e-02
  -3.6966600e+00   4.0000000e+00  -2.8382850e-02
  -3.6976122e+00   4.0000000e+00  -2.8247676e-02
  -3.6985618e+00   4.0000000e+00  -2.8112587e-02
  -3.6995088e+00   4.0000000e+00  -2.7977584e-02
  -3.7004533e+00   4.0000000e+00  -2.7842672e-02
  -3.7013953e+00   4.0000000e+00  -2.7707851e-02
  -3.7023347e+00   4.0000000e+00  -2.7573126e-02
  -3.7032715e+00   4.0000000e+00  -2.7438499e-02
  -3.7042059e+00   4.0000000e+00  -2.7303972e-02
  -3.7051376e+00   4.0000000e+00  -2.7169548e-02
  -3.7060668e+00   4.0000000e+00  -2.7035229e-02
  -3.7069934e+00   4.0000000e+00  -2.6901020e-02
  -3.7079175e+00   4.0000000e+00  -2.6766921e-02
  -3.7088390e+00   4.0000000e+00  -2.6632935e-02
  -3.7097579e+00   4.0000000e+00  -2.6499067e-02
  -3.7106742e+00   4.0000000e+00  -2.6365317e-02
  -3.7115880e+00   4.0000000e+00  -2.6231688e-02
  -3.7124992e+00   4.0000000e+00  -2.6098184e-02
  -3.7134078e+00   4.0000000e+00  -2.5964807e-02
  -3.7143138e+00   4.0000000e+00  -2.5831559e-02
  -3.7152172e+00   4.0000000e+00  -2.5698443e-02
  -3.7161180e+00   4.0000000e+00  -2.5565462e-02
  -3.7170163e+00   4.0000000e+00  -2.5432618e-02
  -3.7179119e+00   4.0000000e+00  -2.5299913e-02
  -3.7188050e+00   4.0000000e+00  -2.5167351e-02
  -3.7196954e+00   4.0000000e+00  -2.5034934e-02
  -3.7205832e+00   4.0000000e+00  -2.4902665e-02
  -3.7214685e+00   4.0000000e+00  -2.4770546e-02
  -3.7223511e+00   4.0000000e+00  -2.4638579e-02
  -3.7232311e+00   4.0000000e+00  -2.4506768e-02
  -3.7241085e+00   4.0000000e+00  -2.4375114e-02
  -3.7249833e+00   4.0000000e+00  -2.4243621e-02
  -3.7258554e+00   4.0000000e+00  -2.4112291e-02
  -3.7267250e+00   4.0000000e+00  -2.3981126e-02
  -3.7275919e+00   4.0000000e+00  -2.3850128e-02
  -3.7284561e+00   4.0000000e+00  -2.3719302e-02
  -3.7293178e+00   4.0000000e+00  -2.3588648e-02
  -3.7301768e+00   4.0000000e+00  -2.3458170e-02
  -3.7310332e+00   4.0000000e+00  -2.3327870e-02
  -3.7318869e+00   4.0000000e+00  -2.3197750e-02
  -3.7327380e+00   4.0000000e+00  -2.3067814e-02
  -3.7335864e+00   4.0000000e+00  -2.2938062e-02
  -3.7344322e+00   4.0000000e+00  -2.2808499e-02
  -3.7352754e+00   4.0000000e+00  -2.2679126e-02
  -3.7361159e+00   4.0000000e+00  -2.2549946e-02
  -3.7369537e+00   4.0000000e+00  -2.2420962e-02
  -3.7377889e+00   4.0000000e+00  -2.2292175e-02
  -3.7386215e+00   4.0000000e+00  -2.2163589e-02
  -3.7394513e+00   4.0000000e+00  -2.2035205e-02
  -3.7402785e+00   4.0000000e+00  -2.1907026e-02
  -3.7411031e+00   4.0000000e+00  -2.1779055e-02
  -3.7419249e+00   4.0000000e+00  -2.1651294e-02
  -3.7427441e+00   4.0000000e+00  -2.1523746e-02
  -3.7435606e+00   4.0000000e+00  -2.1396412e-02
  -3.7443745e+00   4.0000000e+00  -2.1269296e-02
  -3.7451856e+00   4.0000000e+00  -2.1142399e-02
  -3.7459941e+00   4.0000000e+00  -2.1015725e-02
  -3.7467999e+00   4.0000000e+00  -2.0889274e-02
  -3.7476030e+00   4.0000000e+00  -2.0763051e-02
  -3.7484034e+00   4.0000000e+00  -2.0637057e-02
  -3.7492012e+00   4.0000000e+00  -2.0511295e-02
  -3.7499962e+00   4.0000000e+00  -2.0385766e-02
  -3.7507885e+00   4.0000000e+00  -2.0260474e-02
  -3.7515782e+00   4.0000000e+00  -2.0135421e-02
  -3.7523651e+00   4.0000000e+00  -2.0010608e-02
  -3.7531493e+00   4.0000000e+00  -1.9886039e-02
  -3.7539309e+00   4.0000000e+00  -1.9761716e-02
  -3.7547097e+00   4.0000000e+00  -1.9637640e-02
  -3.7554858e+00   4.0000000e+00  -1.9513815e-02
  -3.7562592e+00   4.0000000e+00  -1.9390243e-02
  -3.7570299e+00   4.0000000e+00  -1.9266926e-02
  -3.7577978e+00   4.0000000e+00  -1.9143866e-02
  -3.7585631e+00   4.0000000e+00  -1.9021065e-02
  -3.7593256e+00   4.0000000e+00  -1.8898526e-02
  -3.7600854e+00   4.0000000e+00  -1.8776252e-02
  -3.7608424e+00   4.0000000e+00  -1.8654244e-02
  -3.7615968e+00   4.0000000e+00  -1.8532504e-02
  -3.7623484e+00   4.0000000e+00  -1.8411036e-02
  -3.7630972e+00   4.0000000e+00  -1.8289840e-02
  -3.7638434e+00   4.0000000e+00  -1.8168921e-02
  -3.7645868e+00   4.0000000e+00  -1.8048278e-02
  -3.7653274e+00   4.0000000e+00  -1.7927916e-02
  -3.7660653e+00   4.0000000e+00  -1.7807836e-02
  -3.7668005e+00   4.0000000e+00  -1.7688040e-02
  -3.7675329e+00   4.0000000e+00  -1.7568531e-02
  -3.7682626e+00   4.0000000e+00  -1.7449310e-02
  -3.7689895e+00   4.0000000e+00  -1.7330381e-02
  -3.7697137e+00   4.0000000e+00  -1.7211744e-02
  -3.7704351e+00   4.0000000e+00  -1.7093403e-02
  -3.7711537e+00   4.0000000e+00  -1.6975360e-02
  -3.7718696e+00   4.0000000e+00  -1.6857616e-02
  -3.7725827e+00   4.0000000e+00  -1.6740174e-02
  -3.7732931e+00   4.0000000e+00  -1.6623036e-02
  -3.7740007e+00   4.0000000e+00  -1.6506205e-02
  -3.7747055e+00   4.0000000e+00  -1.6389681e-02
  -3.7754076e+00   4.0000000e+00  -1.6273468e-02
  -3.7761068e+00   4.0000000e+00  -1.6157568e-02
  -3.7768033e+00   4.0000000e+00  -1.6041982e-02
  -3.7774971e+00   4.0000000e+00  -1.5926713e-02
  -3.7781880e+00   4.0000000e+00  -1.5811763e-02
  -3.7788762e+00   4.0000000e+00  -1.5697134e-02
  -3.7795616e+00   4.0000000e+00  -1.5582829e-02
  -3.7802441e+00   4.0000000e+00  -1.5468848e-02
  -3.7809240e+00   4.0000000e+00  -1.5355194e-02
  -3.7816010e+00   4.0000000e+00  -1.5241870e-02
  -3.7822752e+00   4.0000000e+00  -1.5128878e-02
  -3.7829466e+00   4.0000000e+00  -1.5016218e-02
  -3.7836152e+00   4.0000000e+00  -1.4903895e-02
  -3.7842811e+00   4.0000000e+00  -1.4791909e-02
  -3.7849441e+00   4.0000000e+00  -1.4680262e-02
  -3.7856043e+00   4.0000000e+00  -1.4568957e-02
  -3.7862618e+00   4.0000000e+00  -1.4457996e-02
  -3.7869164e+00   4.0000000e+00  -1.4347380e-02
  -3.7875682e+00   4.0000000e+00  -1.4237112e-02
  -3.7882172e+00   4.0000000e+00  -1.4127193e-02
  -3.7888634e+00   4.0000000e+00  -1.4017626e-02
  -3.7895067e+00   4.0000000e+00  -1.3908413e-02
  -3.7901473e+00   4.0000000e+00  -1.3799555e-02
  -3.7907850e+00   4.0000000e+00  -1.3691055e-02
  -3.7914200e+00   4.0000000e+00  -1.3582914e-02
  -3.7920520e+00   4.0000000e+00  -1.3475135e-02
  -3.7926813e+00   4.0000000e+00  -1.3367719e-02
  -3.7933078e+00   4.0000000e+00  -1.3260668e-02
  -3.7939314e+00   4.0000000e+00  -1.3153985e-02
  -3.7945522e+00   4.0000000e+00  -1.3047671e-02
  -3.7951701e+00   4.0000000e+00  -1.2941727e-02
  -3.7957852e+00   4.0000000e+00  -1.2836157e-02
  -3.7963975e+00   4.0000000e+00  -1.2730962e-02
  -3.7970070e+00   4.0000000e+00  -1.2626143e-02
  -3.7976136e+00   4.0000000e+00  -1.2521703e-02
  -3.7982174e+00   4.0000000e+00  -1.2417644e-02
  -3.7988183e+00   4.0000000e+00  -1.2313967e-02
  -3.7994164e+00   4.0000000e+00  -1.2210674e-02
  -3.8000116e+00   4.0000000e+00  -1.2107767e-02
  -3.8006040e+00   4.0000000e+00  -1.2005248e-02
  -3.8011935e+00   4.0000000e+00  -1.1903119e-02
  -3.8017802e+00   4.0000000e+00  -1.1801381e-02
  -3.8023641e+00   4.0000000e+00  -1.1700037e-02
  -3.8029450e+00   4.0000000e+00  -1.1599088e-02
  -3.8035232e+00   4.0000000e+00  -1.1498536e-02
  -3.8040984e+00   4.0000000e+00  -1.1398383e-02
  -3.8046708e+00   4.0000000e+00  -1.1298630e-02
  -3.8052404e+00   4.0000000e+00  -1.1199280e-02
  -3.8058070e+00   4.0000000e+00  -1.1100333e-02
  -3.8063709e+00   4.0000000e+00  -1.1001793e-02
  -3.8069318e+00   4.0000000e+00  -1.0903660e-02
  -3.8074899e+00   4.0000000e+00  -1.0805937e-02
  -3.8080451e+00   4.0000000e+00  -1.0708625e-02
  -3.8085974e+00   4.0000000e+00  -1.0611725e-02
  -3.8091469e+00   4.0000000e+00  -1.0515240e-02
  -3.8096934e+00   4.0000000e+00  -1.0419171e-02
  -3.8102371e+00   4.0000000e+00  -1.0323521e-02
  -3.8107780e+00   4.0000000e+00  -1.0228290e-02
  -3.8113159e+00   4.0000000e+00  -1.0133480e-02
  -3.8118510e+00   4.0000000e+00  -1.0039093e-02
  -3.8123831e+00   4.0000000e+00  -9.9451310e-03
  -3.8129124e+00   4.0000000e+00  -9.8515953e-03
  -3.8134388e+00   4.0000000e+00  -9.7584875e-03
  -3.8139624e+00   4.0000000e+00  -9.6658094e-03
  -3.8144830e+00   4.0000000e+00  -9.5735626e-03
  -3.8150007e+00   4.0000000e+00  -9.4817487e-03
  -3.8155155e+00   4.0000000e+00  -9.3903693e-03
  -3.8160275e+00   4.0000000e+00  -9.2994260e-03
  -3.8165365e+00   4.0000000e+00  -9.2089205e-03
  -3.8170427e+00   4.0000000e+00  -9.1188542e-03
  -3.8175459e+00   4.0000000e+00  -9.0292289e-03
  -3.8180463e+00   4.0000000e+00  -8.9400461e-03
  -3.8185437e+00   4.0000000e+00  -8.8513073e-03
  -3.8190383e+00   4.0000000e+00  -8.7630142e-03
  -3.8195299e+00   4.0000000e+00  -8.6751682e-03
  -3.8200186e+00   4.0000000e+00  -8.5877709e-03
  -3.8205045e+00   4.0000000e+00  -8.5008239e-03
  -3.8209874e+00   4.0000000e+00  -8.4143286e-03
  -3.8214674e+00   4.0000000e+00  -8.3282866e-03
  -3.8219444e+00   4.0000000e+00  -8.2426994e-03
  -3.8224186e+00   4.0000000e+00  -8.1575685e-03
  -3.8228899e+00   4.0000000e+00  -8.0728954e-03
  -3.8233582e+00   4.0000000e+00  -7.9886816e-03
  -3.8238236e+00   4.0000000e+00  -7.9049285e-03
  -3.8242861e+00   4.0000000e+00  -7.8216376e-03
  -3.8247457e+00   4.0000000e+00  -7.7388103e-03
  -3.8252023e+00   4.0000000e+00  -7.6564482e-03
  -3.8256561e+00   4.0000000e+00  -7.5745526e-03
  -3.8261069e+00   4.0000000e+00  -7.4931250e-03
  -3.8265547e+00   4.0000000e+00  -7.4121668e-03
  -3.8269997e+00   4.0000000e+00  -7.3316794e-03
  -3.8274417e+00   4.0000000e+00  -7.2516642e-03
  -3.8278808e+00   4.0000000e+00  -7.1721226e-03
  -3.8283169e+00   4.0000000e+00  -7.0930560e-03
  -3.8287502e+00   4.0000000e+00  -7.0144658e-03
  -3.8291804e+00   4.0000000e+00  -6.9363534e-03
  -3.8296078e+00   4.0000000e+00  -6.8587200e-03
  -3.8300322e+00   4.0000000e+00  -6.7815671e-03
  -3.8304537e+00   4.0000000e+00  -6.7048960e-03
  -3.8308722e+00   4.0000000e+00  -6.6287081e-03
  -3.8312878e+00   4.0000000e+00  -6.5530045e-03
  -3.8317004e+00   4.0000000e+00  -6.4777868e-03
  -3.8321101e+00   4.0000000e+00  -6.4030561e-03
  -3.8325169e+00   4.0000000e+00  -6.3288138e-03
  -3.8329207e+00   4.0000000e+00  -6.2550612e-03
  -3.8333216e+00   4.0000000e+00  -6.1817995e-03
  -3.8337195e+00   4.0000000e+00  -6.1090300e-03
  -3.8341144e+00   4.0000000e+00  -6.0367540e-03
  -3.8345064e+00   4.0000000e+00  -5.9649727e-03
  -3.8348955e+00   4.0000000e+00  -5.8936874e-03
  -3.8352816e+00   4.0000000e+00  -5.8228993e-03
  -3.8356647e+00   4.0000000e+00  -5.7526097e-03
  -3.8360449e+00   4.0000000e+00  -5.6828196e-03
  -3.8364222e+00   4.0000000e+00  -5.6135305e-03
  -3.8367964e+00   4.0000000e+00  -5.5447434e-03
  -3.8371678e+00   4.0000000e+00  -5.4764595e-03
  -3.8375361e+00   4.0000000e+00  -5.4086801e-03
  -3.8379015e+00   4.0000000e+00  -5.3414062e-03
  -3.8382639e+00   4.0000000e+00  -5.2746391e-03
  -3.8386234e+00   4.0000000e+00  -5.2083800e-03
  -3.8389799e+00   4.0000000e+00  -5.1426298e-03
  -3.8393335e+00   4.0000000e+00  -5.0773899e-03
  -3.8396840e+00   4.0000000e+00  -5.0126613e-03
  -3.8400316e+00   4.0000000e+00  -4.9484451e-03
  -3.8403763e+00   4.0000000e+00  -4.8847425e-03
  -3.8407179e+00   4.0000000e+00  -4.8215545e-03
  -3.8410566e+00   4.0000000e+00  -4.7588822e-03
  -3.8413923e+00   4.0000000e+00  -4.6967267e-03
  -3.8417251e+00   4.0000000e+00  -4.6350891e-03
  -3.8420548e+00   4.0000000e+00  -4.5739705e-03
  -3.8423816e+00   4.0000000e+00  -4.5133718e-03
  -3.8427054e+00   4.0000000e+00  -4.4532942e-03
  -3.8430263e+00   4.0000000e+00  -4.3937386e-03
  -3.8433441e+00   4.0000000e+00  -4.3347061e-03
  -3.8436590e+00   4.0000000e+00  -4.2761978e-03
  -3.8439709e+00   4.0000000e+00  -4.2182145e-03
  -3.8442798e+00   4.0000000e+00  -4.1607574e-03
  -3.8445858e+00   4.0000000e+00  -4.1038273e-03
  -3.8448887e+00   4.0000000e+00  -4.0474253e-03
  -3.8451887e+00   4.0000000e+00  -3.9915524e-03
  -3.8454857e+00   4.0000000e+00  -3.9362095e-03
  -3.8457797e+00   4.0000000e+00  -3.8813975e-03
  -3.8460707e+00   4.0000000e+00  -3.8271174e-03
  -3.8463587e+00   4.0000000e+00  -3.7733701e-03
  -3.8466438e+00   4.0000000e+00  -3.7201566e-03
  -3.8469258e+00   4.0000000e+00  -3.6674777e-03
  -3.8472049e+00   4.0000000e+00  -3.6153344e-03
  -3.8474809e+00   4.0000000e+00  -3.5637276e-03
  -3.8477540e+00   4.0000000e+00  -3.5126580e-03
  -3.8480241e+00   4.0000000e+00  -3.4621267e-03
  -3.8482912e+00   4.0000000e+00  -3.4121345e-03
  -3.8485553e+00   4.0000000e+00  -3.3626822e-03
  -3.8488163e+00   4.0000000e+00  -3.3137707e-03
  -3.8490745e+00   4.0000000e+00  -3.2654008e-03
  -3.8493296e+00   4.0000000e+00  -3.2175734e-03
  -3.8495817e+00   4.0000000e+00  -3.1702892e-03
  -3.8498308e+00   4.0000000e+00  -3.1235491e-03
  -3.8500769e+00   4.0000000e+00  -3.0773538e-03
  -3.8503200e+00   4.0000000e+00  -3.0317043e-03
  -3.8505601e+00   4.0000000e+00  -2.9866011e-03
  -3.8507972e+00   4.0000000e+00  -2.9420452e-03
  -3.8510313e+00   4.0000000e+00  -2.8980372e-03
  -3.8512624e+00   4.0000000e+00  -2.8545780e-03
  -3.8514905e+00   4.0000000e+00  -2.8116683e-03
  -3.8517156e+00   4.0000000e+00  -2.7693087e-03
  -3.8519377e+00   4.0000000e+00  -2.7275001e-03
  -3.8521568e+00   4.0000000e+00  -2.6862431e-03
  -3.8523729e+00   4.0000000e+00  -2.6455384e-03
  -3.8525859e+00   4.0000000e+00  -2.6053868e-03
  -3.8527960e+00   4.0000000e+00  -2.5657889e-03
  -3.8530031e+00   4.0000000e+00  -2.5267454e-03
  -3.8532071e+00   4.0000000e+00  -2.4882569e-03
  -3.8534081e+00   4.0000000e+00  -2.4503242e-03
  -3.8536062e+00   4.0000000e+00  -2.4129478e-03
  -3.8538012e+00   4.0000000e+00  -2.3761284e-03
  -3.8539932e+00   4.0000000e+00  -2.3398667e-03
  -3.8541822e+00   4.0000000e+00  -2.3041632e-03
  -3.8543682e+00   4.0000000e+00  -2.2690186e-03
  -3.8545511e+00   4.0000000e+00  -2.2344334e-03
  -3.8547311e+00   4.0000000e+00  -2.2004083e-03
  -3.8549080e+00   4.0000000e+00  -2.1669438e-03
  -3.8550820e+00   4.0000000e+00  -2.1340404e-03
  -3.8552529e+00   4.0000000e+00  -2.1016989e-03
  -3.8554208e+00   4.0000000e+00  -2.0699196e-03
  -3.8555857e+00   4.0000000e+00  -2.0387032e-03
  -3.8557475e+00   4.0000000e+00  -2.0080501e-03
  -3.8559064e+00   4.0000000e+00  -1.9779610e-03
  -3.8560622e+00   4.0000000e+00  -1.9484362e-03
  -3.8562150e+00   4.0000000e+00  -1.9194764e-03
  -3.8563648e+00   4.0000000e+00  -1.8910820e-03
  -3.8565116e+00   4.0000000e+00  -1.8632534e-03
  -3.8566553e+00   4.0000000e+00  -1.8359912e-03
  -3.8567961e+00   4.0000000e+00  -1.8092959e-03
  -3.8569338e+00   4.0000000e+00  -1.7831678e-03
  -3.8570685e+00   4.0000000e+00  -1.7576074e-03
  -3.8572002e+00   4.0000000e+00  -1.7326152e-03
  -3.8573288e+00   4.0000000e+00  -1.7081915e-03
  -3.8574545e+00   4.0000000e+00  -1.6843369e-03
  -3.8575771e+00   4.0000000e+00  -1.6610517e-03
  -3.8576966e+00   4.0000000e+00  -1.6383362e-03
  -3.8578132e+00   4.0000000e+00  -1.6161909e-03
  -3.8579268e+00   4.0000000e+00  -1.5946162e-03
  -3.8580373e+00   4.0000000e+00  -1.5736124e-03
  -3.8581448e+00   4.0000000e+00  -1.5531799e-03
  -3.8582492e+00   4.0000000e+00  -1.5333191e-03
  -3.8583507e+00   4.0000000e+00  -1.5140301e-03
  -3.8584491e+00   4.0000000e+00  -1.4953135e-03
  -3.8585445e+00   4.0000000e+00  -1.4771695e-03
  -3.8586369e+00   4.0000000e+00  -1.4595984e-03
  -3.8587262e+00   4.0000000e+00  -1.4426005e-03
  -3.8588125e+00   4.0000000e+00  -1.4261761e-03
  -3.8588958e+00   4.0000000e+00  -1.4103255e-03
  -3.8589761e+00   4.0000000e+00  -1.3950490e-03
  -3.8590533e+00   4.0000000e+00  -1.3803468e-03
  -3.8591275e+00   4.0000000e+00  -1.3662191e-03
  -3.8591987e+00   4.0000000e+00  -1.3526662e-03
  -3.8592669e+00   4.0000000e+00  -1.3396884e-03
  -3.8593320e+00   4.0000000e+00  -1.3272858e-03
  -3.8593941e+00   4.0000000e+00  -1.3154586e-03
  -3.8594532e+00   4.0000000e+00  -1.3042072e-03
  -3.8595092e+00   4.0000000e+00  -1.2935315e-03
  -3.8595622e+00   4.0000000e+00  -1.2834319e-03
  -3.8596122e+00   4.0000000e+00  -1.2739086e-03
  -3.8596592e+00   4.0000000e+00  -1.2649615e-03
  -3.8597031e+00   4.0000000e+00  -1.2565910e-03
  -3.8597440e+00   4.0000000e+00  -1.2487972e-03
  -3.8597819e+00   4.0000000e+00  -1.2415801e-03
  -3.8598167e+00   4.0000000e+00  -1.2349400e-03
  -3.8598485e+00   4.0000000e+00  -1.2288769e-03
  -3.8598773e+00   4.0000000e+00  -1.2233909e-03
  -3.8599030e+00   4.0000000e+00  -1.2184822e-03
  -3.8599258e+00   4.0000000e+00  -1.2141507e-03
  -3.8599455e+00   4.0000000e+00  -1.2103966e-03
  -3.8599621e+00   4.0000000e+00  -1.2072200e-03
  -3.8599758e+00   4.0000000e+00  -1.2046209e-03
  -3.8599864e+00   4.0000000e+00  -1.2025993e-03
  -3.8599939e+00   4.0000000e+00  -1.2011552e-03
  -3.8599985e+00   4.0000000e+00  -1.2002888e-03
  -3.8600000e+00   4.0000000e+00  -1.2000000e-03
  -3.8600000e+00   4.0000000e+00  -0.0000000e+00
