102
  -3.8600000e+00   4.0000000e+00  -0.0000000e+00
  -3.8600000e+00   4.0000000e+00  -1.2600000e-03
  -3.8597530e+00   4.0000000e+00  -1.3280000e-03
  -3.8590130e+00   4.0000000e+00  -1.5300000e-03
  -3.8577810e+00   4.0000000e+00  -1.8660000e-03
  -3.8560570e+00   4.0000000e+00  -2.3360000e-03
  -3.8538440e+00   4.0000000e+00  -2.9370000e-03
  -3.8511440e+00   4.0000000e+00  -3.6680000e-03
  -3.8479580e+00   4.0000000e+00  -4.5270000e-03
  -3.8442920e+00   4.0000000e+00  -5.5100000e-03
  -3.8401470e+00   4.0000000e+00  -6.6150000e-03
  -3.8355280e+00   4.0000000e+00  -7.8390000e-03
  -3.8304400e+00   4.0000000e+00  -9.1770000e-03
  -3.8248880e+00   4.0000000e+00  -1.0627000e-02
  -3.8188770e+00   4.0000000e+00  -1.2182000e-02
  -3.8124140e+00   4.0000000e+00  -1.3840000e-02
  -3.8055030e+00   4.0000000e+00  -1.5594000e-02
  -3.7981530e+00   4.0000000e+00  -1.7440000e-02
  -3.7903710e+00   4.0000000e+00  -1.9373000e-02
  -3.7821640e+00   4.0000000e+00  -2.1386000e-02
  -3.7735400e+00   4.0000000e+00  -2.3475000e-02
  -3.7645080e+00   4.0000000e+00  -2.5633000e-02
  -3.7550780e+00   4.0000000e+00  -2.7855000e-02
  -3.7452570e+00   4.0000000e+00  -3.0134000e-02
  -3.7350560e+00   4.0000000e+00  -3.2463000e-02
  -3.7244840e+00   4.0000000e+00  -3.4838000e-02
  -3.7135530e+00   4.0000000e+00  -3.7251000e-02
  -3.7022740e+00   4.0000000e+00  -3.9695000e-02
  -3.6906560e+00   4.0000000e+00  -4.2166000e-02
  -3.6787120e+00   4.0000000e+00  -4.4655000e-02
  -3.6664540e+00   4.0000000e+00  -4.7158000e-02
  -3.6538930e+00   4.0000000e+00  -4.9666000e-02
  -3.6410420e+00   4.0000000e+00  -5.2175000e-02
  -3.6279130e+00   4.0000000e+00  -5.4677000e-02
  -3.6145210e+00   4.0000000e+00  -5.7166000e-02
  -3.6008770e+00   4.0000000e+00  -5.9636000e-02
  -3.5869950e+00   4.0000000e+00  -6.2082000e-02
  -3.5728900e+00   4.0000000e+00  -6.4496000e-02
  -3.5585740e+00   4.0000000e+00  -6.6873000e-02
  -3.5440620e+00   4.0000000e+00  -6.9206000e-02
  -3.5293690e+00   4.0000000e+00  -7.1491000e-02
  -3.5145080e+00   4.0000000e+00  -7.3720000e-02
  -3.4994960e+00   4.0000000e+00  -7.5890000e-02
  -3.4843450e+00   4.0000000e+00  -7.7993000e-02
  -3.4690720e+00   4.0000000e+00  -8.0025000e-02
  -3.4536910e+00   4.0000000e+00  -8.1980000e-02
  -3.4382170e+00   4.0000000e+00  -8.3854000e-02
  -3.4226670e+00   4.0000000e+00  -8.5641000e-02
  -3.4070540e+00   4.0000000e+00  -8.7337000e-02
  -3.3913950e+00   4.0000000e+00  -8.8936000e-02
  -3.3757050e+00   4.0000000e+00  -9.0435000e-02
  -3.3600000e+00   4.0000000e+00  -9.1829000e-02
  -3.3442950e+00   4.0000000e+00  -9.3114000e-02
  -3.3286050e+00   4.0000000e+00  -9.4287000e-02
  -3.3129460e+00   4.0000000e+00  -9.5344000e-02
  -3.2973330e+00   4.0000000e+00  -9.6281000e-02
  -3.2817830e+00   4.0000000e+00  -9.7095000e-02
  -3.2663090e+00   4.0000000e+00  -9.7785000e-02
  -3.2509280e+00   4.0000000e+00  -9.8335000e-02
  -3.2356550e+00   4.0000000e+00  -9.8695000e-02
  -3.2205040e+00   4.0000000e+00  -9.8861000e-02
  -3.2054920e+00   4.0000000e+00  -9.8832000e-02
  -3.1906310e+00   4.0000000e+00  -9.8609000e-02
  -3.1759380e+00   4.0000000e+00  -9.8193000e-02
  -3.1614260e+00   4.0000000e+00  -9.7587000e-02
  -3.1471100e+00   4.0000000e+00  -9.6794000e-02
  -3.1330050e+00   4.0000000e+00  -9.5816000e-02
  -3.1191230e+00   4.0000000e+00  -9.4658000e-02
  -3.1054790e+00   4.0000000e+00  -9.3323000e-02
  -3.0920870e+00   4.0000000e+00  -9.1818000e-02
  -3.0789580e+00   4.0000000e+00  -9.0146000e-02
  -3.0661070e+00   4.0000000e+00  -8.8316000e-02
  -3.0535460e+00   4.0000000e+00  -8.6332000e-02
  -3.0412880e+00   4.0000000e+00  -8.4201000e-02
  -3.0293440e+00   4.0000000e+00  -8.1933000e-02
  -3.0177260e+00   4.0000000e+00  -7.9533000e-02
  -3.0064470e+00   4.0000000e+00  -7.7011000e-02
  -2.9955160e+00   4.0000000e+00  -7.4375000e-02
  -2.9849440e+00   4.0000000e+00  -7.1633000e-02
  -2.9747430e+00   4.0000000e+00  -6.8795000e-02
  -2.9649220e+00   4.0000000e+00  -6.5870000e-02
  -2.9554920e+00   4.0000000e+00  -6.2868000e-02
  -2.9464600e+00   4.0000000e+00  -5.9797000e-02
  -2.9378360e+00   4.0000000e+00  -5.6668000e-02
  -2.9296290e+00   4.0000000e+00  -5.3490000e-02
  -2.9218470e+00   4.0000000e+00  -5.0272000e-02
  -2.9144970e+00   4.0000000e+00  -4.7023000e-02
  -2.9075860e+00   4.0000000e+00  -4.3754000e-02
  -2.9011230e+00   4.0000000e+00  -4.0472000e-02
  -2.8951120e+00   4.0000000e+00  -3.7187000e-02
  -2.8895600e+00   4.0000000e+00  -3.3906000e-02
  -2.8844720e+00   4.0000000e+00  -3.0638000e-02
  -2.8798530e+00   4.0000000e+00  -2.7390000e-02
  -2.8757080e+00   4.0000000e+00  -2.4168000e-02
  -2.8720420e+00   4.0000000e+00  -2.0980000e-02
  -2.8688560e+00   4.0000000e+00  -1.7830000e-02
  -2.8661560e+00   4.0000000e+00  -1.4725000e-02
  -2.8639430e+00   4.0000000e+00  -1.1669000e-02
  -2.8622190e+00   4.0000000e+00  -8.6650000e-03
  -2.8609870e+00   4.0000000e+00  -5.7180000e-03
  -2.8602470e+00   4.0000000e+00  -2.8290000e-03
  -2.8600000e+00   4.0000000e+00  -0.0000000e+00
