  -2.8600000e+00   4.0000000e+00  -0.0000000e+00
  -2.8600039e+00   4.0000000e+00  -3.2947277e-04
  -2.8600156e+00   4.0000000e+00  -6.5808985e-04
  -2.8600351e+00   4.0000000e+00  -9.8585063e-04
  -2.8600624e+00   4.0000000e+00  -1.3127545e-03
  -2.8600975e+00   4.0000000e+00  -1.6388008e-03
  -2.8601404e+00   4.0000000e+00  -1.9639891e-03
  -2.8601911e+00   4.0000000e+00  -2.2883187e-03
  -2.8602496e+00   4.0000000e+00  -2.6117891e-03
  -2.8603159e+00   4.0000000e+00  -2.9343997e-03
  -2.8603900e+00   4.0000000e+00  -3.2561500e-03
  -2.8604719e+00   4.0000000e+00  -3.5770396e-03
  -2.8605616e+00   4.0000000e+00  -3.8970678e-03
  -2.8606591e+00   4.0000000e+00  -4.2162342e-03
  -2.8607644e+00   4.0000000e+00  -4.5345383e-03
  -2.8608775e+00   4.0000000e+00  -4.8519797e-03
  -2.8609984e+00   4.0000000e+00  -5.1685580e-03
  -2.8611271e+00   4.0000000e+00  -5.4842726e-03
  -2.8612635e+00   4.0000000e+00  -5.7991232e-03
  -2.8614078e+00   4.0000000e+00  -6.1131093e-03
  -2.8615598e+00   4.0000000e+00  -6.4262305e-03
  -2.8617197e+00   4.0000000e+00  -6.7384866e-03
  -2.8618873e+00   4.0000000e+00  -7.0498770e-03
  -2.8620627e+00   4.0000000e+00  -7.3604014e-03
  -2.8622459e+00   4.0000000e+00  -7.6700596e-03
  -2.8624369e+00   4.0000000e+00  -7.9788511e-03
  -2.8626356e+00   4.0000000e+00  -8.2867756e-03
  -2.8628422e+00   4.0000000e+00  -8.5938329e-03
  -2.8630565e+00   4.0000000e+00  -8.9000226e-03
  -2.8632786e+00   4.0000000e+00  -9.2053444e-03
  -2.8635085e+00   4.0000000e+00  -9.5097981e-03
  -2.8637461e+00   4.0000000e+00  -9.8133835e-03
  -2.8639915e+00   4.0000000e+00  -1.0116100e-02
  -2.8642447e+00   4.0000000e+00  -1.0417948e-02
  -2.8645057e+00   4.0000000e+00  -1.0718927e-02
  -2.8647744e+00   4.0000000e+00  -1.1019036e-02
  -2.8650509e+00   4.0000000e+00  -1.1318276e-02
  -2.8653352e+00   4.0000000e+00  -1.1616646e-02
  -2.8656272e+00   4.0000000e+00  -1.1914147e-02
  -2.8659269e+00   4.0000000e+00  -1.2210777e-02
  -2.8662344e+00   4.0000000e+00  -1.2506537e-02
  -2.8665497e+00   4.0000000e+00  -1.2801427e-02
  -2.8668727e+00   4.0000000e+00  -1.3095446e-02
  -2.8672035e+00   4.0000000e+00  -1.3388595e-02
  -2.8675420e+00   4.0000000e+00  -1.3680873e-02
  -2.8678883e+00   4.0000000e+00  -1.3972280e-02
  -2.8682423e+00   4.0000000e+00  -1.4262817e-02
  -2.8686040e+00   4.0000000e+00  -1.4552482e-02
  -2.8689735e+00   4.0000000e+00  -1.4841276e-02
  -2.8693507e+00   4.0000000e+00  -1.5129199e-02
  -2.8697356e+00   4.0000000e+00  -1.5416251e-02
  -2.8701283e+00   4.0000000e+00  -1.5702432e-02
  -2.8705287e+00   4.0000000e+00  -1.5987741e-02
  -2.8709368e+00   4.0000000e+00  -1.6272180e-02
  -2.8713526e+00   4.0000000e+00  -1.6555747e-02
  -2.8717761e+00   4.0000000e+00  -1.6838442e-02
  -2.8722073e+00   4.0000000e+00  -1.7120266e-02
  -2.8726463e+00   4.0000000e+00  -1.7401219e-02
  -2.8730929e+00   4.0000000e+00  -1.7681301e-02
  -2.8735472e+00   4.0000000e+00  -1.7960512e-02
  -2.8740093e+00   4.0000000e+00  -1.8238851e-02
  -2.8744790e+00   4.0000000e+00  -1.8516319e-02
  -2.8749564e+00   4.0000000e+00  -1.8792916e-02
  -2.8754415e+00   4.0000000e+00  -1.9068642e-02
  -2.8759343e+00   4.0000000e+00  -1.9343497e-02
  -2.8764348e+00   4.0000000e+00  -1.9617480e-02
  -2.8769429e+00   4.0000000e+00  -1.9890593e-02
  -2.8774587e+00   4.0000000e+00  -2.0162836e-02
  -2.8779822e+00   4.0000000e+00  -2.0434207e-02
  -2.8785133e+00   4.0000000e+00  -2.0704708e-02
  -2.8790521e+00   4.0000000e+00  -2.0974339e-02
  -2.8795985e+00   4.0000000e+00  -2.1243099e-02
  -2.8801526e+00   4.0000000e+00  -2.1510988e-02
  -2.8807143e+00   4.0000000e+00  -2.1778008e-02
  -2.8812837e+00   4.0000000e+00  -2.2044158e-02
  -2.8818607e+00   4.0000000e+00  -2.2309437e-02
  -2.8824453e+00   4.0000000e+00  -2.2573847e-02
  -2.8830376e+00   4.0000000e+00  -2.2837387e-02
  -2.8836375e+00   4.0000000e+00  -2.3100058e-02
  -2.8842450e+00   4.0000000e+00  -2.3361859e-02
  -2.8848601e+00   4.0000000e+00  -2.3622791e-02
  -2.8854828e+00   4.0000000e+00  -2.3882854e-02
  -2.8861131e+00   4.0000000e+00  -2.4142048e-02
  -2.8867510e+00   4.0000000e+00  -2.4400374e-02
  -2.8873965e+00   4.0000000e+00  -2.4657830e-02
  -2.8880496e+00   4.0000000e+00  -2.4914418e-02
  -2.8887103e+00   4.0000000e+00  -2.5170138e-02
  -2.8893785e+00   4.0000000e+00  -2.5424990e-02
  -2.8900544e+00   4.0000000e+00  -2.5678974e-02
  -2.8907378e+00   4.0000000e+00  -2.5932090e-02
  -2.8914287e+00   4.0000000e+00  -2.6184338e-02
  -2.8921272e+00   4.0000000e+00  -2.6435719e-02
  -2.8928333e+00   4.0000000e+00  -2.6686233e-02
  -2.8935469e+00   4.0000000e+00  -2.6935879e-02
  -2.8942681e+00   4.0000000e+00  -2.7184658e-02
  -2.8949967e+00   4.0000000e+00  -2.7432571e-02
  -2.8957329e+00   4.0000000e+00  -2.7679617e-02
  -2.8964767e+00   4.0000000e+00  -2.7925796e-02
  -2.8972279e+00   4.0000000e+00  -2.8171109e-02
  -2.8979867e+00   4.0000000e+00  -2.8415556e-02
  -2.8987529e+00   4.0000000e+00  -2.8659137e-02
  -2.8995267e+00   4.0000000e+00  -2.8901853e-02
  -2.9003080e+00   4.0000000e+00  -2.9143702e-02
  -2.9010967e+00   4.0000000e+00  -2.9384686e-02
  -2.9018929e+00   4.0000000e+00  -2.9624804e-02
  -2.9026966e+00   4.0000000e+00  -2.9864058e-02
  -2.9035078e+00   4.0000000e+00  -3.0102446e-02
  -2.9043264e+00   4.0000000e+00  -3.0339969e-02
  -2.9051525e+00   4.0000000e+00  -3.0576627e-02
  -2.9059860e+00   4.0000000e+00  -3.0812421e-02
  -2.9068270e+00   4.0000000e+00  -3.1047350e-02
  -2.9076754e+00   4.0000000e+00  -3.1281415e-02
  -2.9085312e+00   4.0000000e+00  -3.1514615e-02
  -2.9093945e+00   4.0000000e+00  -3.1746951e-02
  -2.9102652e+00   4.0000000e+00  -3.1978423e-02
  -2.9111433e+00   4.0000000e+00  -3.2209031e-02
  -2.9120288e+00   4.0000000e+00  -3.2438774e-02
  -2.9129216e+00   4.0000000e+00  -3.2667654e-02
  -2.9138219e+00   4.0000000e+00  -3.2895671e-02
  -2.9147296e+00   4.0000000e+00  -3.3122823e-02
  -2.9156446e+00   4.0000000e+00  -3.3349112e-02
  -2.9165670e+00   4.0000000e+00  -3.3574537e-02
  -2.9174967e+00   4.0000000e+00  -3.3799098e-02
  -2.9184338e+00   4.0000000e+00  -3.4022796e-02
  -2.9193783e+00   4.0000000e+00  -3.4245631e-02
  -2.9203301e+00   4.0000000e+00  -3.4467601e-02
  -2.9212892e+00   4.0000000e+00  -3.4688709e-02
  -2.9222557e+00   4.0000000e+00  -3.4908952e-02
  -2.9232294e+00   4.0000000e+00  -3.5128333e-02
  -2.9242105e+00   4.0000000e+00  -3.5346849e-02
  -2.9251988e+00   4.0000000e+00  -3.5564502e-02
  -2.9261945e+00   4.0000000e+00  -3.5781292e-02
  -2.9271974e+00   4.0000000e+00  -3.5997217e-02
  -2.9282077e+00   4.0000000e+00  -3.6212279e-02
  -2.9292252e+00   4.0000000e+00  -3.6426477e-02
  -2.9302499e+00   4.0000000e+00  -3.6639810e-02
  -2.9312819e+00   4.0000000e+00  -3.6852280e-02
  -2.9323212e+00   4.0000000e+00  -3.7063885e-02
  -2.9333677e+00   4.0000000e+00  -3.7274626e-02
  -2.9344214e+00   4.0000000e+00  -3.7484503e-02
  -2.9354823e+00   4.0000000e+00  -3.7693514e-02
  -2.9365505e+00   4.0000000e+00  -3.7901661e-02
  -2.9376258e+00   4.0000000e+00  -3.8108942e-02
  -2.9387084e+00   4.0000000e+00  -3.8315359e-02
  -2.9397981e+00   4.0000000e+00  -3.8520909e-02
  -2.9408950e+00   4.0000000e+00  -3.8725594e-02
  -2.9419991e+00   4.0000000e+00  -3.8929413e-02
  -2.9431103e+00   4.0000000e+00  -3.9132365e-02
  -2.9442287e+00   4.0000000e+00  -3.9334450e-02
  -2.9453543e+00   4.0000000e+00  -3.9535669e-02
  -2.9464869e+00   4.0000000e+00  -3.9736020e-02
  -2.9476268e+00   4.0000000e+00  -3.9935503e-02
  -2.9487737e+00   4.0000000e+00  -4.0134119e-02
  -2.9499277e+00   4.0000000e+00  -4.0331866e-02
  -2.9510888e+00   4.0000000e+00  -4.0528743e-02
  -2.9522571e+00   4.0000000e+00  -4.0724752e-02
  -2.9534324e+00   4.0000000e+00  -4.0919891e-02
  -2.9546147e+00   4.0000000e+00  -4.1114159e-02
  -2.9558042e+00   4.0000000e+00  -4.1307557e-02
  -2.9570007e+00   4.0000000e+00  -4.1500083e-02
  -2.9582042e+00   4.0000000e+00  -4.1691738e-02
  -2.9594148e+00   4.0000000e+00  -4.1882520e-02
  -2.9606324e+00   4.0000000e+00  -4.2072429e-02
  -2.9618570e+00   4.0000000e+00  -4.2261465e-02
  -2.9630886e+00   4.0000000e+00  -4.2449627e-02
  -2.9643272e+00   4.0000000e+00  -4.2636913e-02
  -2.9655728e+00   4.0000000e+00  -4.2823324e-02
  -2.9668254e+00   4.0000000e+00  -4.3008859e-02
  -2.9680849e+00   4.0000000e+00  -4.3193517e-02
  -2.9693514e+00   4.0000000e+00  -4.3377297e-02
  -2.9706249e+00   4.0000000e+00  -4.3560199e-02
  -2.9719053e+00   4.0000000e+00  -4.3742221e-02
  -2.9731926e+00   4.0000000e+00  -4.3923364e-02
  -2.9744869e+00   4.0000000e+00  -4.4103625e-02
  -2.9757880e+00   4.0000000e+00  -4.4283005e-02
  -2.9770960e+00   4.0000000e+00  -4.4461501e-02
  -2.9784110e+00   4.0000000e+00  -4.4639115e-02
  -2.9797328e+00   4.0000000e+00  -4.4815843e-02
  -2.9810615e+00   4.0000000e+00  -4.4991686e-02
  -2.9823970e+00   4.0000000e+00  -4.5166642e-02
  -2.9837394e+00   4.0000000e+00  -4.5340711e-02
  -2.9850886e+00   4.0000000e+00  -4.5513891e-02
  -2.9864446e+00   4.0000000e+00  -4.5686181e-02
  -2.9878075e+00   4.0000000e+00  -4.5857580e-02
  -2.9891772e+00   4.0000000e+00  -4.6028087e-02
  -2.9905536e+00   4.0000000e+00  -4.6197701e-02
  -2.9919368e+00   4.0000000e+00  -4.6366420e-02
  -2.9933268e+00   4.0000000e+00  -4.6534244e-02
  -2.9947236e+00   4.0000000e+00  -4.6701170e-02
  -2.9961271e+00   4.0000000e+00  -4.6867198e-02
  -2.9975374e+00   4.0000000e+00  -4.7032327e-02
  -2.9989544e+00   4.0000000e+00  -4.7196554e-02
  -3.0003781e+00   4.0000000e+00  -4.7359879e-02
  -3.0018085e+00   4.0000000e+00  -4.7522300e-02
  -3.0032456e+00   4.0000000e+00  -4.7683816e-02
  -3.0046894e+00   4.0000000e+00  -4.7844424e-02
  -3.0061399e+00   4.0000000e+00  -4.8004125e-02
  -3.0075970e+00   4.0000000e+00  -4.8162915e-02
  -3.0090607e+00   4.0000000e+00  -4.8320794e-02
  -3.0105312e+00   4.0000000e+00  -4.8477759e-02
  -3.0120082e+00   4.0000000e+00  -4.8633810e-02
  -3.0134918e+00   4.0000000e+00  -4.8788944e-02
  -3.0149821e+00   4.0000000e+00  -4.8943160e-02
  -3.0164790e+00   4.0000000e+00  -4.9096455e-02
  -3.0179824e+00   4.0000000e+00  -4.9248829e-02
  -3.0194924e+00   4.0000000e+00  -4.9400278e-02
  -3.0210089e+00   4.0000000e+00  -4.9550802e-02
  -3.0225320e+00   4.0000000e+00  -4.9700399e-02
  -3.0240617e+00   4.0000000e+00  -4.9849066e-02
  -3.0255978e+00   4.0000000e+00  -4.9996801e-02
  -3.0271405e+00   4.0000000e+00  -5.0143603e-02
  -3.0286896e+00   4.0000000e+00  -5.0289469e-02
  -3.0302453e+00   4.0000000e+00  -5.0434397e-02
  -3.0318074e+00   4.0000000e+00  -5.0578385e-02
  -3.0333760e+00   4.0000000e+00  -5.0721431e-02
  -3.0349510e+00   4.0000000e+00  -5.0863533e-02
  -3.0365325e+00   4.0000000e+00  -5.1004688e-02
  -3.0381204e+00   4.0000000e+00  -5.1144894e-02
  -3.0397147e+00   4.0000000e+00  -5.1284149e-02
  -3.0413154e+00   4.0000000e+00  -5.1422451e-02
  -3.0429225e+00   4.0000000e+00  -5.1559796e-02
  -3.0445359e+00   4.0000000e+00  -5.1696183e-02
  -3.0461557e+00   4.0000000e+00  -5.1831608e-02
  -3.0477819e+00   4.0000000e+00  -5.1966070e-02
  -3.0494144e+00   4.0000000e+00  -5.2099566e-02
  -3.0510532e+00   4.0000000e+00  -5.2232093e-02
  -3.0526984e+00   4.0000000e+00  -5.2363649e-02
  -3.0543498e+00   4.0000000e+00  -5.2494230e-02
  -3.0560076e+00   4.0000000e+00  -5.2623834e-02
  -3.0576715e+00   4.0000000e+00  -5.2752459e-02
  -3.0593418e+00   4.0000000e+00  -5.2880101e-02
  -3.0610183e+00   4.0000000e+00  -5.3006757e-02
  -3.0627010e+00   4.0000000e+00  -5.3132425e-02
  -3.0643900e+00   4.0000000e+00  -5.3257102e-02
  -3.0660852e+00   4.0000000e+00  -5.3380784e-02
  -3.0677865e+00   4.0000000e+00  -5.3503469e-02
  -3.0694940e+00   4.0000000e+00  -5.3625153e-02
  -3.0712077e+00   4.0000000e+00  -5.3745834e-02
  -3.0729276e+00   4.0000000e+00  -5.3865508e-02
  -3.0746536e+00   4.0000000e+00  -5.3984171e-02
  -3.0763857e+00   4.0000000e+00  -5.4101822e-02
  -3.0781240e+00   4.0000000e+00  -5.4218455e-02
  -3.0798683e+00   4.0000000e+00  -5.4334068e-02
  -3.0816187e+00   4.0000000e+00  -5.4448658e-02
  -3.0833752e+00   4.0000000e+00  -5.4562221e-02
  -3.0851378e+00   4.0000000e+00  -5.4674754e-02
  -3.0869064e+00   4.0000000e+00  -5.4786252e-02
  -3.0886810e+00   4.0000000e+00  -5.4896713e-02
  -3.0904616e+00   4.0000000e+00  -5.5006133e-02
  -3.0922483e+00   4.0000000e+00  -5.5114507e-02
  -3.0940409e+00   4.0000000e+00  -5.5221833e-02
  -3.0958395e+00   4.0000000e+00  -5.5328107e-02
  -3.0976441e+00   4.0000000e+00  -5.5433324e-02
  -3.0994546e+00   4.0000000e+00  -5.5537481e-02
  -3.1012711e+00   4.0000000e+00  -5.5640574e-02
  -3.1030934e+00   4.0000000e+00  -5.5742599e-02
  -3.1049217e+00   4.0000000e+00  -5.5843552e-02
  -3.1067559e+00   4.0000000e+00  -5.5943428e-02
  -3.1085959e+00   4.0000000e+00  -5.6042225e-02
  -3.1104418e+00   4.0000000e+00  -5.6139937e-02
  -3.1122936e+00   4.0000000e+00  -5.6236560e-02
  -3.1141512e+00   4.0000000e+00  -5.6332090e-02
  -3.1160146e+00   4.0000000e+00  -5.6426524e-02
  -3.1178838e+00   4.0000000e+00  -5.6519855e-02
  -3.1197588e+00   4.0000000e+00  -5.6612081e-02
  -3.1216396e+00   4.0000000e+00  -5.6703196e-02
  -3.1235261e+00   4.0000000e+00  -5.6793197e-02
  -3.1254184e+00   4.0000000e+00  -5.6882078e-02
  -3.1273164e+00   4.0000000e+00  -5.6969835e-02
  -3.1292201e+00   4.0000000e+00  -5.7056463e-02
  -3.1311295e+00   4.0000000e+00  -5.7141958e-02
  -3.1330447e+00   4.0000000e+00  -5.7226315e-02
  -3.1349654e+00   4.0000000e+00  -5.7309529e-02
  -3.1368919e+00   4.0000000e+00  -5.7391595e-02
  -3.1388240e+00   4.0000000e+00  -5.7472508e-02
  -3.1407617e+00   4.0000000e+00  -5.7552264e-02
  -3.1427050e+00   4.0000000e+00  -5.7630857e-02
  -3.1446539e+00   4.0000000e+00  -5.7708283e-02
  -3.1466084e+00   4.0000000e+00  -5.7784536e-02
  -3.1485684e+00   4.0000000e+00  -5.7859611e-02
  -3.1505341e+00   4.0000000e+00  -5.7933503e-02
  -3.1525052e+00   4.0000000e+00  -5.8006206e-02
  -3.1544819e+00   4.0000000e+00  -5.8077716e-02
  -3.1564640e+00   4.0000000e+00  -5.8148027e-02
  -3.1584517e+00   4.0000000e+00  -5.8217134e-02
  -3.1604448e+00   4.0000000e+00  -5.8285032e-02
  -3.1624434e+00   4.0000000e+00  -5.8351713e-02
  -3.1644474e+00   4.0000000e+00  -5.8417175e-02
  -3.1664569e+00   4.0000000e+00  -5.8481409e-02
  -3.1684717e+00   4.0000000e+00  -5.8544412e-02
  -3.1704920e+00   4.0000000e+00  -5.8606177e-02
  -3.1725176e+00   4.0000000e+00  -5.8666699e-02
  -3.1745486e+00   4.0000000e+00  -5.8725972e-02
  -3.1765850e+00   4.0000000e+00  -5.8783989e-02
  -3.1786267e+00   4.0000000e+00  -5.8840746e-02
  -3.1806737e+00   4.0000000e+00  -5.8896235e-02
  -3.1827260e+00   4.0000000e+00  -5.8950452e-02
  -3.1847835e+00   4.0000000e+00  -5.9003390e-02
  -3.1868464e+00   4.0000000e+00  -5.9055043e-02
  -3.1889145e+00   4.0000000e+00  -5.9105405e-02
  -3.1909878e+00   4.0000000e+00  -5.9154470e-02
  -3.1930664e+00   4.0000000e+00  -5.9202231e-02
  -3.1951501e+00   4.0000000e+00  -5.9248682e-02
  -3.1972390e+00   4.0000000e+00  -5.9293818e-02
  -3.1993332e+00   4.0000000e+00  -5.9337630e-02
  -3.2014324e+00   4.0000000e+00  -5.9380114e-02
  -3.2035368e+00   4.0000000e+00  -5.9421262e-02
  -3.2056464e+00   4.0000000e+00  -5.9461069e-02
  -3.2077610e+00   4.0000000e+00  -5.9499527e-02
  -3.2098807e+00   4.0000000e+00  -5.9536629e-02
  -3.2120055e+00   4.0000000e+00  -5.9572370e-02
  -3.2141353e+00   4.0000000e+00  -5.9606742e-02
  -3.2162702e+00   4.0000000e+00  -5.9639739e-02
  -3.2184101e+00   4.0000000e+00  -5.9671354e-02
  -3.2205550e+00   4.0000000e+00  -5.9701580e-02
  -3.2227049e+00   4.0000000e+00  -5.9730410e-02
  -3.2248598e+00   4.0000000e+00  -5.9757837e-02
  -3.2270196e+00   4.0000000e+00  -5.9783854e-02
  -3.2291844e+00   4.0000000e+00  -5.9808454e-02
  -3.2313541e+00   4.0000000e+00  -5.9831629e-02
  -3.2335286e+00   4.0000000e+00  -5.9853374e-02
  -3.2357081e+00   4.0000000e+00  -5.9873680e-02
  -3.2378925e+00   4.0000000e+00  -5.9892540e-02
  -3.2400817e+00   4.0000000e+00  -5.9909948e-02
  -3.2422757e+00   4.0000000e+00  -5.9925895e-02
  -3.2444745e+00   4.0000000e+00  -5.9940374e-02
  -3.2466782e+00   4.0000000e+00  -5.9953378e-02
  -3.2488866e+00   4.0000000e+00  -5.9964899e-02
  -3.2510998e+00   4.0000000e+00  -5.9974930e-02
  -3.2533178e+00   4.0000000e+00  -5.9983464e-02
  -3.2555405e+00   4.0000000e+00  -5.9990491e-02
  -3.2577679e+00   4.0000000e+00  -5.9996006e-02
  -3.2600000e+00   4.0000000e+00  -6.0000000e-02
  -3.2600000e+00   4.0000000e+00  -6.0000000e-02
  -3.2615947e+00   4.0000000e+00  -5.9998743e-02
  -3.2631883e+00   4.0000000e+00  -5.9996632e-02
  -3.2647805e+00   4.0000000e+00  -5.9993671e-02
  -3.2663716e+00   4.0000000e+00  -5.9989859e-02
  -3.2679615e+00   4.0000000e+00  -5.9985201e-02
  -3.2695501e+00   4.0000000e+00  -5.9979697e-02
  -3.2711374e+00   4.0000000e+00  -5.9973350e-02
  -3.2727235e+00   4.0000000e+00  -5.9966162e-02
  -3.2743084e+00   4.0000000e+00  -5.9958136e-02
  -3.2758920e+00   4.0000000e+00  -5.9949272e-02
  -3.2774744e+00   4.0000000e+00  -5.9939574e-02
  -3.2790554e+00   4.0000000e+00  -5.9929044e-02
  -3.2806353e+00   4.0000000e+00  -5.9917683e-02
  -3.2822138e+00   4.0000000e+00  -5.9905494e-02
  -3.2837911e+00   4.0000000e+00  -5.9892479e-02
  -3.2853670e+00   4.0000000e+00  -5.9878640e-02
  -3.2869417e+00   4.0000000e+00  -5.9863979e-02
  -3.2885151e+00   4.0000000e+00  -5.9848499e-02
  -3.2900872e+00   4.0000000e+00  -5.9832202e-02
  -3.2916580e+00   4.0000000e+00  -5.9815090e-02
  -3.2932275e+00   4.0000000e+00  -5.9797164e-02
  -3.2947957e+00   4.0000000e+00  -5.9778429e-02
  -3.2963625e+00   4.0000000e+00  -5.9758884e-02
  -3.2979281e+00   4.0000000e+00  -5.9738534e-02
  -3.2994923e+00   4.0000000e+00  -5.9717379e-02
  -3.3010551e+00   4.0000000e+00  -5.9695423e-02
  -3.3026167e+00   4.0000000e+00  -5.9672667e-02
  -3.3041769e+00   4.0000000e+00  -5.9649114e-02
  -3.3057357e+00   4.0000000e+00  -5.9624767e-02
  -3.3072932e+00   4.0000000e+00  -5.9599626e-02
  -3.3088494e+00   4.0000000e+00  -5.9573695e-02
  -3.3104042e+00   4.0000000e+00  -5.9546977e-02
  -3.3119576e+00   4.0000000e+00  -5.9519472e-02
  -3.3135096e+00   4.0000000e+00  -5.9491184e-02
  -3.3150603e+00   4.0000000e+00  -5.9462115e-02
  -3.3166096e+00   4.0000000e+00  -5.9432267e-02
  -3.3181575e+00   4.0000000e+00  -5.9401642e-02
  -3.3197041e+00   4.0000000e+00  -5.9370244e-02
  -3.3212492e+00   4.0000000e+00  -5.9338073e-02
  -3.3227929e+00   4.0000000e+00  -5.9305134e-02
  -3.3243353e+00   4.0000000e+00  -5.9271427e-02
  -3.3258762e+00   4.0000000e+00  -5.9236955e-02
  -3.3274157e+00   4.0000000e+00  -5.9201721e-02
  -3.3289538e+00   4.0000000e+00  -5.9165727e-02
  -3.3304905e+00   4.0000000e+00  -5.9128976e-02
  -3.3320257e+00   4.0000000e+00  -5.9091469e-02
  -3.3335596e+00   4.0000000e+00  -5.9053210e-02
  -3.3350919e+00   4.0000000e+00  -5.9014200e-02
  -3.3366229e+00   4.0000000e+00  -5.8974442e-02
  -3.3381524e+00   4.0000000e+00  -5.8933939e-02
  -3.3396805e+00   4.0000000e+00  -5.8892692e-02
  -3.3412071e+00   4.0000000e+00  -5.8850705e-02
  -3.3427322e+00   4.0000000e+00  -5.8807980e-02
  -3.3442559e+00   4.0000000e+00  -5.8764519e-02
  -3.3457781e+00   4.0000000e+00  -5.8720324e-02
  -3.3472988e+00   4.0000000e+00  -5.8675399e-02
  -3.3488181e+00   4.0000000e+00  -5.8629745e-02
  -3.3503359e+00   4.0000000e+00  -5.8583366e-02
  -3.3518522e+00   4.0000000e+00  -5.8536263e-02
  -3.3533670e+00   4.0000000e+00  -5.8488439e-02
  -3.3548803e+00   4.0000000e+00  -5.8439896e-02
  -3.3563921e+00   4.0000000e+00  -5.8390638e-02
  -3.3579024e+00   4.0000000e+00  -5.8340666e-02
  -3.3594112e+00   4.0000000e+00  -5.8289983e-02
  -3.3609185e+00   4.0000000e+00  -5.8238592e-02
  -3.3624243e+00   4.0000000e+00  -5.8186495e-02
  -3.3639286e+00   4.0000000e+00  -5.8133695e-02
  -3.3654313e+00   4.0000000e+00  -5.8080193e-02
  -3.3669325e+00   4.0000000e+00  -5.8025994e-02
  -3.3684321e+00   4.0000000e+00  -5.7971099e-02
  -3.3699302e+00   4.0000000e+00  -5.7915511e-02
  -3.3714268e+00   4.0000000e+00  -5.7859232e-02
  -3.3729218e+00   4.0000000e+00  -5.7802265e-02
  -3.3744153e+00   4.0000000e+00  -5.7744612e-02
  -3.3759072e+00   4.0000000e+00  -5.7686277e-02
  -3.3773976e+00   4.0000000e+00  -5.7627262e-02
  -3.3788863e+00   4.0000000e+00  -5.7567569e-02
  -3.3803735e+00   4.0000000e+00  -5.7507200e-02
  -3.3818592e+00   4.0000000e+00  -5.7446159e-02
  -3.3833432e+00   4.0000000e+00  -5.7384449e-02
  -3.3848257e+00   4.0000000e+00  -5.7322071e-02
  -3.3863065e+00   4.0000000e+00  -5.7259029e-02
  -3.3877858e+00   4.0000000e+00  -5.7195324e-02
  -3.3892635e+00   4.0000000e+00  -5.7130960e-02
  -3.3907396e+00   4.0000000e+00  -5.7065940e-02
  -3.3922140e+00   4.0000000e+00  -5.7000265e-02
  -3.3936869e+00   4.0000000e+00  -5.6933939e-02
  -3.3951581e+00   4.0000000e+00  -5.6866964e-02
  -3.3966277e+00   4.0000000e+00  -5.6799343e-02
  -3.3980957e+00   4.0000000e+00  -5.6731078e-02
  -3.3995621e+00   4.0000000e+00  -5.6662173e-02
  -3.4010268e+00   4.0000000e+00  -5.6592630e-02
  -3.4024899e+00   4.0000000e+00  -5.6522451e-02
  -3.4039513e+00   4.0000000e+00  -5.6451639e-02
  -3.4054111e+00   4.0000000e+00  -5.6380198e-02
  -3.4068693e+00   4.0000000e+00  -5.6308129e-02
  -3.4083257e+00   4.0000000e+00  -5.6235435e-02
  -3.4097806e+00   4.0000000e+00  -5.6162120e-02
  -3.4112337e+00   4.0000000e+00  -5.6088185e-02
  -3.4126852e+00   4.0000000e+00  -5.6013634e-02
  -3.4141350e+00   4.0000000e+00  -5.5938469e-02
  -3.4155831e+00   4.0000000e+00  -5.5862692e-02
  -3.4170296e+00   4.0000000e+00  -5.5786308e-02
  -3.4184744e+00   4.0000000e+00  -5.5709318e-02
  -3.4199174e+00   4.0000000e+00  -5.5631725e-02
  -3.4213588e+00   4.0000000e+00  -5.5553532e-02
  -3.4227985e+00   4.0000000e+00  -5.5474742e-02
  -3.4242364e+00   4.0000000e+00  -5.5395357e-02
  -3.4256727e+00   4.0000000e+00  -5.5315380e-02
  -3.4271072e+00   4.0000000e+00  -5.5234814e-02
  -3.4285401e+00   4.0000000e+00  -5.5153662e-02
  -3.4299712e+00   4.0000000e+00  -5.5071926e-02
  -3.4314005e+00   4.0000000e+00  -5.4989610e-02
  -3.4328282e+00   4.0000000e+00  -5.4906715e-02
  -3.4342541e+00   4.0000000e+00  -5.4823246e-02
  -3.4356783e+00   4.0000000e+00  -5.4739204e-02
  -3.4371007e+00   4.0000000e+00  -5.4654592e-02
  -3.4385213e+00   4.0000000e+00  -5.4569414e-02
  -3.4399403e+00   4.0000000e+00  -5.4483672e-02
  -3.4413574e+00   4.0000000e+00  -5.4397368e-02
  -3.4427728e+00   4.0000000e+00  -5.4310507e-02
  -3.4441865e+00   4.0000000e+00  -5.4223089e-02
  -3.4455983e+00   4.0000000e+00  -5.4135119e-02
  -3.4470084e+00   4.0000000e+00  -5.4046599e-02
  -3.4484168e+00   4.0000000e+00  -5.3957532e-02
  -3.4498233e+00   4.0000000e+00  -5.3867921e-02
  -3.4512280e+00   4.0000000e+00  -5.3777768e-02
  -3.4526310e+00   4.0000000e+00  -5.3687077e-02
  -3.4540321e+00   4.0000000e+00  -5.3595850e-02
  -3.4554315e+00   4.0000000e+00  -5.3504091e-02
  -3.4568291e+00   4.0000000e+00  -5.3411801e-02
  -3.4582248e+00   4.0000000e+00  -5.3318984e-02
  -3.4596187e+00   4.0000000e+00  -5.3225643e-02
  -3.4610108e+00   4.0000000e+00  -5.3131780e-02
  -3.4624011e+00   4.0000000e+00  -5.3037399e-02
  -3.4637896e+00   4.0000000e+00  -5.2942502e-02
  -3.4651763e+00   4.0000000e+00  -5.2847093e-02
  -3.4665611e+00   4.0000000e+00  -5.2751173e-02
  -3.4679440e+00   4.0000000e+00  -5.2654747e-02
  -3.4693252e+00   4.0000000e+00  -5.2557816e-02
  -3.4707044e+00   4.0000000e+00  -5.2460384e-02
  -3.4720819e+00   4.0000000e+00  -5.2362453e-02
  -3.4734574e+00   4.0000000e+00  -5.2264028e-02
  -3.4748312e+00   4.0000000e+00  -5.2165109e-02
  -3.4762030e+00   4.0000000e+00  -5.2065701e-02
  -3.4775730e+00   4.0000000e+00  -5.1965806e-02
  -3.4789411e+00   4.0000000e+00  -5.1865427e-02
  -3.4803074e+00   4.0000000e+00  -5.1764568e-02
  -3.4816717e+00   4.0000000e+00  -5.1663230e-02
  -3.4830342e+00   4.0000000e+00  -5.1561417e-02
  -3.4843948e+00   4.0000000e+00  -5.1459132e-02
  -3.4857535e+00   4.0000000e+00  -5.1356378e-02
  -3.4871103e+00   4.0000000e+00  -5.1253157e-02
  -3.4884652e+00   4.0000000e+00  -5.1149473e-02
  -3.4898182e+00   4.0000000e+00  -5.1045328e-02
  -3.4911693e+00   4.0000000e+00  -5.0940726e-02
  -3.4925185e+00   4.0000000e+00  -5.0835669e-02
  -3.4938657e+00   4.0000000e+00  -5.0730161e-02
  -3.4952111e+00   4.0000000e+00  -5.0624204e-02
  -3.4965545e+00   4.0000000e+00  -5.0517801e-02
  -3.4978960e+00   4.0000000e+00  -5.0410955e-02
  -3.4992355e+00   4.0000000e+00  -5.0303670e-02
  -3.5005731e+00   4.0000000e+00  -5.0195947e-02
  -3.5019088e+00   4.0000000e+00  -5.0087790e-02
  -3.5032425e+00   4.0000000e+00  -4.9979203e-02
  -3.5045743e+00   4.0000000e+00  -4.9870187e-02
  -3.5059042e+00   4.0000000e+00  -4.9760747e-02
  -3.5072320e+00   4.0000000e+00  -4.9650884e-02
  -3.5085579e+00   4.0000000e+00  -4.9540602e-02
  -3.5098819e+00   4.0000000e+00  -4.9429904e-02
  -3.5112039e+00   4.0000000e+00  -4.9318792e-02
  -3.5125239e+00   4.0000000e+00  -4.9207271e-02
  -3.5138419e+00   4.0000000e+00  -4.9095342e-02
  -3.5151579e+00   4.0000000e+00  -4.8983009e-02
  -3.5164720e+00   4.0000000e+00  -4.8870274e-02
  -3.5177841e+00   4.0000000e+00  -4.8757141e-02
  -3.5190942e+00   4.0000000e+00  -4.8643613e-02
  -3.5204022e+00   4.0000000e+00  -4.8529693e-02
  -3.5217083e+00   4.0000000e+00  -4.8415383e-02
  -3.5230124e+00   4.0000000e+00  -4.8300687e-02
  -3.5243145e+00   4.0000000e+00  -4.8185607e-02
  -3.5256145e+00   4.0000000e+00  -4.8070147e-02
  -3.5269126e+00   4.0000000e+00  -4.7954310e-02
  -3.5282086e+00   4.0000000e+00  -4.7838098e-02
  -3.5295026e+00   4.0000000e+00  -4.7721515e-02
  -3.5307945e+00   4.0000000e+00  -4.7604564e-02
  -3.5320845e+00   4.0000000e+00  -4.7487247e-02
  -3.5333724e+00   4.0000000e+00  -4.7369568e-02
  -3.5346582e+00   4.0000000e+00  -4.7251529e-02
  -3.5359420e+00   4.0000000e+00  -4.7133134e-02
  -3.5372238e+00   4.0000000e+00  -4.7014386e-02
  -3.5385035e+00   4.0000000e+00  -4.6895287e-02
  -3.5397812e+00   4.0000000e+00  -4.6775841e-02
  -3.5410568e+00   4.0000000e+00  -4.6656051e-02
  -3.5423303e+00   4.0000000e+00  -4.6535919e-02
  -3.5436017e+00   4.0000000e+00  -4.6415450e-02
  -3.5448711e+00   4.0000000e+00  -4.6294644e-02
  -3.5461385e+00   4.0000000e+00  -4.6173507e-02
  -3.5474037e+00   4.0000000e+00  -4.6052040e-02
  -3.5486669e+00   4.0000000e+00  -4.5930247e-02
  -3.5499279e+00   4.0000000e+00  -4.5808131e-02
  -3.5511869e+00   4.0000000e+00  -4.5685695e-02
  -3.5524438e+00   4.0000000e+00  -4.5562941e-02
  -3.5536986e+00   4.0000000e+00  -4.5439874e-02
  -3.5549513e+00   4.0000000e+00  -4.5316495e-02
  -3.5562018e+00   4.0000000e+00  -4.5192808e-02
  -3.5574503e+00   4.0000000e+00  -4.5068816e-02
  -3.5586967e+00   4.0000000e+00  -4.4944522e-02
  -3.5599409e+00   4.0000000e+00  -4.4819929e-02
  -3.5611830e+00   4.0000000e+00  -4.4695041e-02
  -3.5624230e+00   4.0000000e+00  -4.4569859e-02
  -3.5636609e+00   4.0000000e+00  -4.4444387e-02
  -3.5648966e+00   4.0000000e+00  -4.4318628e-02
  -3.5661302e+00   4.0000000e+00  -4.4192586e-02
  -3.5673617e+00   4.0000000e+00  -4.4066262e-02
  -3.5685910e+00   4.0000000e+00  -4.3939661e-02
  -3.5698182e+00   4.0000000e+00  -4.3812785e-02
  -3.5710432e+00   4.0000000e+00  -4.3685637e-02
  -3.5722661e+00   4.0000000e+00  -4.3558221e-02
  -3.5734868e+00   4.0000000e+00  -4.3430539e-02
  -3.5747053e+00   4.0000000e+00  -4.3302594e-02
  -3.5759217e+00   4.0000000e+00  -4.3174390e-02
  -3.5771359e+00   4.0000000e+00  -4.3045929e-02
  -3.5783479e+00   4.0000000e+00  -4.2917214e-02
  -3.5795578e+00   4.0000000e+00  -4.2788249e-02
  -3.5807655e+00   4.0000000e+00  -4.2659037e-02
  -3.5819710e+00   4.0000000e+00  -4.2529580e-02
  -3.5831743e+00   4.0000000e+00  -4.2399881e-02
  -3.5843754e+00   4.0000000e+00  -4.2269944e-02
  -3.5855743e+00   4.0000000e+00  -4.2139772e-02
  -3.5867710e+00   4.0000000e+00  -4.2009368e-02
  -3.5879656e+00   4.0000000e+00  -4.1878734e-02
  -3.5891579e+00   4.0000000e+00  -4.1747874e-02
  -3.5903480e+00   4.0000000e+00  -4.1616791e-02
  -3.5915359e+00   4.0000000e+00  -4.1485487e-02
  -3.5927216e+00   4.0000000e+00  -4.1353967e-02
  -3.5939050e+00   4.0000000e+00  -4.1222232e-02
  -3.5950863e+00   4.0000000e+00  -4.1090286e-02
  -3.5962653e+00   4.0000000e+00  -4.0958132e-02
  -3.5974420e+00   4.0000000e+00  -4.0825773e-02
  -3.5986166e+00   4.0000000e+00  -4.0693212e-02
  -3.5997889e+00   4.0000000e+00  -4.0560452e-02
  -3.6009589e+00   4.0000000e+00  -4.0427496e-02
  -3.6021268e+00   4.0000000e+00  -4.0294347e-02
  -3.6032923e+00   4.0000000e+00  -4.0161008e-02
  -3.6044557e+00   4.0000000e+00  -4.0027482e-02
  -3.6056167e+00   4.0000000e+00  -3.9893773e-02
  -3.6067755e+00   4.0000000e+00  -3.9759882e-02
  -3.6079321e+00   4.0000000e+00  -3.9625814e-02
  -3.6090863e+00   4.0000000e+00  -3.9491571e-02
  -3.6102383e+00   4.0000000e+00  -3.9357156e-02
  -3.6113881e+00   4.0000000e+00  -3.9222572e-02
  -3.6125355e+00   4.0000000e+00  -3.9087823e-02
  -3.6136807e+00   4.0000000e+00  -3.8952911e-02
  -3.6148236e+00   4.0000000e+00  -3.8817839e-02
  -3.6159642e+00   4.0000000e+00  -3.8682610e-02
  -3.6171025e+00   4.0000000e+00  -3.8547228e-02
  -3.6182385e+00   4.0000000e+00  -3.8411695e-02
  -3.6193722e+00   4.0000000e+00  -3.8276014e-02
  -3.6205037e+00   4.0000000e+00  -3.8140189e-02
  -3.6216328e+00   4.0000000e+00  -3.8004222e-02
  -3.6227596e+00   4.0000000e+00  -3.7868116e-02
  -3.6238841e+00   4.0000000e+00  -3.7731875e-02
  -3.6250063e+00   4.0000000e+00  -3.7595501e-02
  -3.6261261e+00   4.0000000e+00  -3.7458998e-02
  -3.6272437e+00   4.0000000e+00  -3.7322368e-02
  -3.6283589e+00   4.0000000e+00  -3.7185614e-02
  -3.6294718e+00   4.0000000e+00  -3.7048739e-02
  -3.6305823e+00   4.0000000e+00  -3.6911747e-02
  -3.6316906e+00   4.0000000e+00  -3.6774641e-02
  -3.6327965e+00   4.0000000e+00  -3.6637422e-02
  -3.6339000e+00   4.0000000e+00  -3.6500095e-02
  -3.6350012e+00   4.0000000e+00  -3.6362663e-02
  -3.6361001e+00   4.0000000e+00  -3.6225127e-02
  -3.6371966e+00   4.0000000e+00  -3.6087492e-02
  -3.6382907e+00   4.0000000e+00  -3.5949760e-02
  -3.6393825e+00   4.0000000e+00  -3.5811935e-02
  -3.6404719e+00   4.0000000e+00  -3.5674018e-02
  -3.6415590e+00   4.0000000e+00  -3.5536014e-02
  -3.6426437e+00   4.0000000e+00  -3.5397925e-02
  -3.6437260e+00   4.0000000e+00  -3.5259754e-02
  -3.6448059e+00   4.0000000e+00  -3.5121505e-02
  -3.6458835e+00   4.0000000e+00  -3.4983179e-02
  -3.6469587e+00   4.0000000e+00  -3.4844781e-02
  -3.6480315e+00   4.0000000e+00  -3.4706312e-02
  -3.6491019e+00   4.0000000e+00  -3.4567777e-02
  -3.6501699e+00   4.0000000e+00  -3.4429177e-02
  -3.6512356e+00   4.0000000e+00  -3.4290516e-02
  -3.6522988e+00   4.0000000e+00  -3.4151798e-02
  -3.6533596e+00   4.0000000e+00  -3.4013024e-02
  -3.6544181e+00   4.0000000e+00  -3.3874197e-02
  -3.6554741e+00   4.0000000e+00  -3.3735322e-02
  -3.6565277e+00   4.0000000e+00  -3.3596400e-02
  -3.6575789e+00   4.0000000e+00  -3.3457435e-02
  -3.6586277e+00   4.0000000e+00  -3.3318429e-02
  -3.6596741e+00   4.0000000e+00  -3.3179386e-02
  -3.6607180e+00   4.0000000e+00  -3.3040308e-02
  -3.6617595e+00   4.0000000e+00  -3.2901198e-02
  -3.6627986e+00   4.0000000e+00  -3.2762060e-02
  -3.6638352e+00   4.0000000e+00  -3.2622896e-02
  -3.6648695e+00   4.0000000e+00  -3.2483709e-02
  -3.6659012e+00   4.0000000e+00  -3.2344501e-02
  -3.6669306e+00   4.0000000e+00  -3.2205277e-02
  -3.6679575e+00   4.0000000e+00  -3.2066039e-02
  -3.6689819e+00   4.0000000e+00  -3.1926789e-02
  -3.6700039e+00   4.0000000e+00  -3.1787532e-02
  -3.6710234e+00   4.0000000e+00  -3.1648268e-02
  -3.6720405e+00   4.0000000e+00  -3.1509002e-02
  -3.6730551e+00   4.0000000e+00  -3.1369737e-02
  -3.6740673e+00   4.0000000e+00  -3.1230475e-02
  -3.6750770e+00   4.0000000e+00  -3.1091219e-02
  -3.6760842e+00   4.0000000e+00  -3.0951972e-02
  -3.6770890e+00   4.0000000e+00  -3.0812736e-02
  -3.6780912e+00   4.0000000e+00  -3.0673516e-02
  -3.6790910e+00   4.0000000e+00  -3.0534313e-02
  -3.6800883e+00   4.0000000e+00  -3.0395131e-02
  -3.6810832e+00   4.0000000e+00  -3.0255972e-02
  -3.6820755e+00   4.0000000e+00  -3.0116840e-02
  -3.6830653e+00   4.0000000e+00  -2.9977737e-02
  -3.6840527e+00   4.0000000e+00  -2.9838665e-02
  -3.6850376e+00   4.0000000e+00  -2.9699629e-02
  -3.6860199e+00   4.0000000e+00  -2.9560630e-02
  -3.6869998e+00   4.0000000e+00  -2.9421672e-02
  -3.6879771e+00   4.0000000e+00  -2.9282757e-02
  -3.6889520e+00   4.0000000e+00  -2.9143889e-02
  -3.6899243e+00   4.0000000e+00  -2.9005069e-02
  -3.6908941e+00   4.0000000e+00  -2.8866302e-02
  -3.6918614e+00   4.0000000e+00  -2.8727589e-02
  -3.6928262e+00   4.0000000e+00  -2.8588934e-02
  -3.6937884e+00   4.0000000e+00  -2.8450339e-02
  -3.6947482e+00   4.0000000e+00  -2.8311808e-02
  -3.6957054e+00   4.0000000e+00  -2.8173342e-02
  -3.6966600e+00   4.0000000e+00  -2.8034945e-02
  -3.6976122e+00   4.0000000e+00  -2.7896620e-02
  -3.6985618e+00   4.0000000e+00  -2.7758370e-02
  -3.6995088e+00   4.0000000e+00  -2.7620196e-02
  -3.7004533e+00   4.0000000e+00  -2.7482103e-02
  -3.7013953e+00   4.0000000e+00  -2.7344092e-02
  -3.7023347e+00   4.0000000e+00  -2.7206167e-02
  -3.7032715e+00   4.0000000e+00  -2.7068331e-02
  -3.7042059e+00   4.0000000e+00  -2.6930585e-02
  -3.7051376e+00   4.0000000e+00  -2.6792934e-02
  -3.7060668e+00   4.0000000e+00  -2.6655379e-02
  -3.7069934e+00   4.0000000e+00  -2.6517923e-02
  -3.7079175e+00   4.0000000e+00  -2.6380570e-02
  -3.7088390e+00   4.0000000e+00  -2.6243322e-02
  -3.7097579e+00   4.0000000e+00  -2.6106182e-02
  -3.7106742e+00   4.0000000e+00  -2.5969152e-02
  -3.7115880e+00   4.0000000e+00  -2.5832235e-02
  -3.7124992e+00   4.0000000e+00  -2.5695434e-02
  -3.7134078e+00   4.0000000e+00  -2.5558752e-02
  -3.7143138e+00   4.0000000e+00  -2.5422191e-02
  -3.7152172e+00   4.0000000e+00  -2.5285754e-02
  -3.7161180e+00   4.0000000e+00  -2.5149444e-02
  -3.7170163e+00   4.0000000e+00  -2.5013264e-02
  -3.7179119e+00   4.0000000e+00  -2.4877216e-02
  -3.7188050e+00   4.0000000e+00  -2.4741303e-02
  -3.7196954e+00   4.0000000e+00  -2.4605527e-02
  -3.7205832e+00   4.0000000e+00  -2.4469892e-02
  -3.7214685e+00   4.0000000e+00  -2.4334400e-02
  -3.7223511e+00   4.0000000e+00  -2.4199053e-02
  -3.7232311e+00   4.0000000e+00  -2.4063855e-02
  -3.7241085e+00   4.0000000e+00  -2.3928808e-02
  -3.7249833e+00   4.0000000e+00  -2.3793915e-02
  -3.7258554e+00   4.0000000e+00  -2.3659178e-02
  -3.7267250e+00   4.0000000e+00  -2.3524600e-02
  -3.7275919e+00   4.0000000e+00  -2.3390184e-02
  -3.7284561e+00   4.0000000e+00  -2.3255932e-02
  -3.7293178e+00   4.0000000e+00  -2.3121847e-02
  -3.7301768e+00   4.0000000e+00  -2.2987931e-02
  -3.7310332e+00   4.0000000e+00  -2.2854188e-02
  -3.7318869e+00   4.0000000e+00  -2.2720620e-02
  -3.7327380e+00   4.0000000e+00  -2.2587229e-02
  -3.7335864e+00   4.0000000e+00  -2.2454018e-02
  -3.7344322e+00   4.0000000e+00  -2.2320990e-02
  -3.7352754e+00   4.0000000e+00  -2.2188147e-02
  -3.7361159e+00   4.0000000e+00  -2.2055492e-02
  -3.7369537e+00   4.0000000e+00  -2.1923028e-02
  -3.7377889e+00   4.0000000e+00  -2.1790757e-02
  -3.7386215e+00   4.0000000e+00  -2.1658681e-02
  -3.7394513e+00   4.0000000e+00  -2.1526803e-02
  -3.7402785e+00   4.0000000e+00  -2.1395127e-02
  -3.7411031e+00   4.0000000e+00  -2.1263653e-02
  -3.7419249e+00   4.0000000e+00  -2.1132386e-02
  -3.7427441e+00   4.0000000e+00  -2.1001327e-02
  -3.7435606e+00   4.0000000e+00  -2.0870479e-02
  -3.7443745e+00   4.0000000e+00  -2.0739844e-02
  -3.7451856e+00   4.0000000e+00  -2.0609426e-02
  -3.7459941e+00   4.0000000e+00  -2.0479226e-02
  -3.7467999e+00   4.0000000e+00  -2.0349247e-02
  -3.7476030e+00   4.0000000e+00  -2.0219492e-02
  -3.7484034e+00   4.0000000e+00  -2.0089963e-02
  -3.7492012e+00   4.0000000e+00  -1.9960662e-02
  -3.7499962e+00   4.0000000e+00  -1.9831593e-02
  -3.7507885e+00   4.0000000e+00  -1.9702758e-02
  -3.7515782e+00   4.0000000e+00  -1.9574158e-02
  -3.7523651e+00   4.0000000e+00  -1.9445797e-02
  -3.7531493e+00   4.0000000e+00  -1.9317677e-02
  -3.7539309e+00   4.0000000e+00  -1.9189801e-02
  -3.7547097e+00   4.0000000e+00  -1.9062170e-02
  -3.7554858e+00   4.0000000e+00  -1.8934789e-02
  -3.7562592e+00   4.0000000e+00  -1.8807657e-02
  -3.7570299e+00   4.0000000e+00  -1.8680780e-02
  -3.7577978e+00   4.0000000e+00  -1.8554158e-02
  -3.7585631e+00   4.0000000e+00  -1.8427794e-02
  -3.7593256e+00   4.0000000e+00  -1.8301691e-02
  -3.7600854e+00   4.0000000e+00  -1.8175851e-02
  -3.7608424e+00   4.0000000e+00  -1.8050276e-02
  -3.7615968e+00   4.0000000e+00  -1.7924969e-02
  -3.7623484e+00   4.0000000e+00  -1.7799932e-02
  -3.7630972e+00   4.0000000e+00  -1.7675168e-02
  -3.7638434e+00   4.0000000e+00  -1.7550679e-02
  -3.7645868e+00   4.0000000e+00  -1.7426467e-02
  -3.7653274e+00   4.0000000e+00  -1.7302535e-02
  -3.7660653e+00   4.0000000e+00  -1.7178885e-02
  -3.7668005e+00   4.0000000e+00  -1.7055520e-02
  -3.7675329e+00   4.0000000e+00  -1.6932441e-02
  -3.7682626e+00   4.0000000e+00  -1.6809651e-02
  -3.7689895e+00   4.0000000e+00  -1.6687153e-02
  -3.7697137e+00   4.0000000e+00  -1.6564949e-02
  -3.7704351e+00   4.0000000e+00  -1.6443041e-02
  -3.7711537e+00   4.0000000e+00  -1.6321431e-02
  -3.7718696e+00   4.0000000e+00  -1.6200122e-02
  -3.7725827e+00   4.0000000e+00  -1.6079116e-02
  -3.7732931e+00   4.0000000e+00  -1.5958415e-02
  -3.7740007e+00   4.0000000e+00  -1.5838022e-02
  -3.7747055e+00   4.0000000e+00  -1.5717939e-02
  -3.7754076e+00   4.0000000e+00  -1.5598167e-02
  -3.7761068e+00   4.0000000e+00  -1.5478711e-02
  -3.7768033e+00   4.0000000e+00  -1.5359571e-02
  -3.7774971e+00   4.0000000e+00  -1.5240750e-02
  -3.7781880e+00   4.0000000e+00  -1.5122250e-02
  -3.7788762e+00   4.0000000e+00  -1.5004073e-02
  -3.7795616e+00   4.0000000e+00  -1.4886223e-02
  -3.7802441e+00   4.0000000e+00  -1.4768700e-02
  -3.7809240e+00   4.0000000e+00  -1.4651507e-02
  -3.7816010e+00   4.0000000e+00  -1.4534646e-02
  -3.7822752e+00   4.0000000e+00  -1.4418120e-02
  -3.7829466e+00   4.0000000e+00  -1.4301930e-02
  -3.7836152e+00   4.0000000e+00  -1.4186079e-02
  -3.7842811e+00   4.0000000e+00  -1.4070570e-02
  -3.7849441e+00   4.0000000e+00  -1.3955403e-02
  -3.7856043e+00   4.0000000e+00  -1.3840582e-02
  -3.7862618e+00   4.0000000e+00  -1.3726108e-02
  -3.7869164e+00   4.0000000e+00  -1.3611984e-02
  -3.7875682e+00   4.0000000e+00  -1.3498212e-02
  -3.7882172e+00   4.0000000e+00  -1.3384793e-02
  -3.7888634e+00   4.0000000e+00  -1.3271731e-02
  -3.7895067e+00   4.0000000e+00  -1.3159026e-02
  -3.7901473e+00   4.0000000e+00  -1.3046682e-02
  -3.7907850e+00   4.0000000e+00  -1.2934701e-02
  -3.7914200e+00   4.0000000e+00  -1.2823084e-02
  -3.7920520e+00   4.0000000e+00  -1.2711833e-02
  -3.7926813e+00   4.0000000e+00  -1.2600951e-02
  -3.7933078e+00   4.0000000e+00  -1.2490439e-02
  -3.7939314e+00   4.0000000e+00  -1.2380301e-02
  -3.7945522e+00   4.0000000e+00  -1.2270537e-02
  -3.7951701e+00   4.0000000e+00  -1.2161149e-02
  -3.7957852e+00   4.0000000e+00  -1.2052141e-02
  -3.7963975e+00   4.0000000e+00  -1.1943514e-02
  -3.7970070e+00   4.0000000e+00  -1.1835269e-02
  -3.7976136e+00   4.0000000e+00  -1.1727410e-02
  -3.7982174e+00   4.0000000e+00  -1.1619937e-02
  -3.7988183e+00   4.0000000e+00  -1.1512853e-02
  -3.7994164e+00   4.0000000e+00  -1.1406161e-02
  -3.8000116e+00   4.0000000e+00  -1.1299861e-02
  -3.8006040e+00   4.0000000e+00  -1.1193956e-02
  -3.8011935e+00   4.0000000e+00  -1.1088447e-02
  -3.8017802e+00   4.0000000e+00  -1.0983338e-02
  -3.8023641e+00   4.0000000e+00  -1.0878629e-02
  -3.8029450e+00   4.0000000e+00  -1.0774323e-02
  -3.8035232e+00   4.0000000e+00  -1.0670422e-02
  -3.8040984e+00   4.0000000e+00  -1.0566927e-02
  -3.8046708e+00   4.0000000e+00  -1.0463840e-02
  -3.8052404e+00   4.0000000e+00  -1.0361164e-02
  -3.8058070e+00   4.0000000e+00  -1.0258900e-02
  -3.8063709e+00   4.0000000e+00  -1.0157050e-02
  -3.8069318e+00   4.0000000e+00  -1.0055616e-02
  -3.8074899e+00   4.0000000e+00  -9.9546000e-03
  -3.8080451e+00   4.0000000e+00  -9.8540038e-03
  -3.8085974e+00   4.0000000e+00  -9.7538291e-03
  -3.8091469e+00   4.0000000e+00  -9.6540778e-03
  -3.8096934e+00   4.0000000e+00  -9.5547519e-03
  -3.8102371e+00   4.0000000e+00  -9.4558530e-03
  -3.8107780e+00   4.0000000e+00  -9.3573831e-03
  -3.8113159e+00   4.0000000e+00  -9.2593439e-03
  -3.8118510e+00   4.0000000e+00  -9.1617372e-03
  -3.8123831e+00   4.0000000e+00  -9.0645649e-03
  -3.8129124e+00   4.0000000e+00  -8.9678287e-03
  -3.8134388e+00   4.0000000e+00  -8.8715304e-03
  -3.8139624e+00   4.0000000e+00  -8.7756718e-03
  -3.8144830e+00   4.0000000e+00  -8.6802546e-03
  -3.8150007e+00   4.0000000e+00  -8.5852806e-03
  -3.8155155e+00   4.0000000e+00  -8.4907515e-03
  -3.8160275e+00   4.0000000e+00  -8.3966691e-03
  -3.8165365e+00   4.0000000e+00  -8.3030350e-03
  -3.8170427e+00   4.0000000e+00  -8.2098511e-03
  -3.8175459e+00   4.0000000e+00  -8.1171190e-03
  -3.8180463e+00   4.0000000e+00  -8.0248403e-03
  -3.8185437e+00   4.0000000e+00  -7.9330169e-03
  -3.8190383e+00   4.0000000e+00  -7.8416503e-03
  -3.8195299e+00   4.0000000e+00  -7.7507423e-03
  -3.8200186e+00   4.0000000e+00  -7.6602945e-03
  -3.8205045e+00   4.0000000e+00  -7.5703086e-03
  -3.8209874e+00   4.0000000e+00  -7.4807861e-03
  -3.8214674e+00   4.0000000e+00  -7.3917288e-03
  -3.8219444e+00   4.0000000e+00  -7.3031383e-03
  -3.8224186e+00   4.0000000e+00  -7.2150162e-03
  -3.8228899e+00   4.0000000e+00  -7.1273641e-03
  -3.8233582e+00   4.0000000e+00  -7.0401835e-03
  -3.8238236e+00   4.0000000e+00  -6.9534762e-03
  -3.8242861e+00   4.0000000e+00  -6.8672436e-03
  -3.8247457e+00   4.0000000e+00  -6.7814874e-03
  -3.8252023e+00   4.0000000e+00  -6.6962091e-03
  -3.8256561e+00   4.0000000e+00  -6.6114102e-03
  -3.8261069e+00   4.0000000e+00  -6.5270923e-03
  -3.8265547e+00   4.0000000e+00  -6.4432570e-03
  -3.8269997e+00   4.0000000e+00  -6.3599058e-03
  -3.8274417e+00   4.0000000e+00  -6.2770401e-03
  -3.8278808e+00   4.0000000e+00  -6.1946615e-03
  -3.8283169e+00   4.0000000e+00  -6.1127715e-03
  -3.8287502e+00   4.0000000e+00  -6.0313716e-03
  -3.8291804e+00   4.0000000e+00  -5.9504632e-03
  -3.8296078e+00   4.0000000e+00  -5.8700478e-03
  -3.8300322e+00   4.0000000e+00  -5.7901270e-03
  -3.8304537e+00   4.0000000e+00  -5.7107021e-03
  -3.8308722e+00   4.0000000e+00  -5.6317745e-03
  -3.8312878e+00   4.0000000e+00  -5.5533458e-03
  -3.8317004e+00   4.0000000e+00  -5.4754173e-03
  -3.8321101e+00   4.0000000e+00  -5.3979904e-03
  -3.8325169e+00   4.0000000e+00  -5.3210667e-03
  -3.8329207e+00   4.0000000e+00  -5.2446473e-03
  -3.8333216e+00   4.0000000e+00  -5.1687338e-03
  -3.8337195e+00   4.0000000e+00  -5.0933275e-03
  -3.8341144e+00   4.0000000e+00  -5.0184298e-03
  -3.8345064e+00   4.0000000e+00  -4.9440420e-03
  -3.8348955e+00   4.0000000e+00  -4.8701655e-03
  -3.8352816e+00   4.0000000e+00  -4.7968016e-03
  -3.8356647e+00   4.0000000e+00  -4.7239516e-03
  -3.8360449e+00   4.0000000e+00  -4.6516169e-03
  -3.8364222e+00   4.0000000e+00  -4.5797988e-03
  -3.8367964e+00   4.0000000e+00  -4.5084985e-03
  -3.8371678e+00   4.0000000e+00  -4.4377174e-03
  -3.8375361e+00   4.0000000e+00  -4.3674567e-03
  -3.8379015e+00   4.0000000e+00  -4.2977178e-03
  -3.8382639e+00   4.0000000e+00  -4.2285018e-03
  -3.8386234e+00   4.0000000e+00  -4.1598100e-03
  -3.8389799e+00   4.0000000e+00  -4.0916437e-03
  -3.8393335e+00   4.0000000e+00  -4.0240040e-03
  -3.8396840e+00   4.0000000e+00  -3.9568923e-03
  -3.8400316e+00   4.0000000e+00  -3.8903097e-03
  -3.8403763e+00   4.0000000e+00  -3.8242574e-03
  -3.8407179e+00   4.0000000e+00  -3.7587366e-03
  -3.8410566e+00   4.0000000e+00  -3.6937485e-03
  -3.8413923e+00   4.0000000e+00  -3.6292943e-03
  -3.8417251e+00   4.0000000e+00  -3.5653751e-03
  -3.8420548e+00   4.0000000e+00  -3.5019921e-03
  -3.8423816e+00   4.0000000e+00  -3.4391464e-03
  -3.8427054e+00   4.0000000e+00  -3.3768391e-03
  -3.8430263e+00   4.0000000e+00  -3.3150714e-03
  -3.8433441e+00   4.0000000e+00  -3.2538445e-03
  -3.8436590e+00   4.0000000e+00  -3.1931592e-03
  -3.8439709e+00   4.0000000e+00  -3.1330169e-03
  -3.8442798e+00   4.0000000e+00  -3.0734186e-03
  -3.8445858e+00   4.0000000e+00  -3.0143652e-03
  -3.8448887e+00   4.0000000e+00  -2.9558580e-03
  -3.8451887e+00   4.0000000e+00  -2.8978979e-03
  -3.8454857e+00   4.0000000e+00  -2.8404860e-03
  -3.8457797e+00   4.0000000e+00  -2.7836233e-03
  -3.8460707e+00   4.0000000e+00  -2.7273109e-03
  -3.8463587e+00   4.0000000e+00  -2.6715497e-03
  -3.8466438e+00   4.0000000e+00  -2.6163408e-03
  -3.8469258e+00   4.0000000e+00  -2.5616851e-03
  -3.8472049e+00   4.0000000e+00  -2.5075837e-03
  -3.8474809e+00   4.0000000e+00  -2.4540375e-03
  -3.8477540e+00   4.0000000e+00  -2.4010474e-03
  -3.8480241e+00   4.0000000e+00  -2.3486144e-03
  -3.8482912e+00   4.0000000e+00  -2.2967395e-03
  -3.8485553e+00   4.0000000e+00  -2.2454236e-03
  -3.8488163e+00   4.0000000e+00  -2.1946676e-03
  -3.8490745e+00   4.0000000e+00  -2.1444724e-03
  -3.8493296e+00   4.0000000e+00  -2.0948389e-03
  -3.8495817e+00   4.0000000e+00  -2.0457681e-03
  -3.8498308e+00   4.0000000e+00  -1.9972607e-03
  -3.8500769e+00   4.0000000e+00  -1.9493177e-03
  -3.8503200e+00   4.0000000e+00  -1.9019399e-03
  -3.8505601e+00   4.0000000e+00  -1.8551281e-03
  -3.8507972e+00   4.0000000e+00  -1.8088833e-03
  -3.8510313e+00   4.0000000e+00  -1.7632062e-03
  -3.8512624e+00   4.0000000e+00  -1.7180977e-03
  -3.8514905e+00   4.0000000e+00  -1.6735585e-03
  -3.8517156e+00   4.0000000e+00  -1.6295894e-03
  -3.8519377e+00   4.0000000e+00  -1.5861913e-03
  -3.8521568e+00   4.0000000e+00  -1.5433650e-03
  -3.8523729e+00   4.0000000e+00  -1.5011111e-03
  -3.8525859e+00   4.0000000e+00  -1.4594304e-03
  -3.8527960e+00   4.0000000e+00  -1.4183238e-03
  -3.8530031e+00   4.0000000e+00  -1.3777918e-03
  -3.8532071e+00   4.0000000e+00  -1.3378353e-03
  -3.8534081e+00   4.0000000e+00  -1.2984550e-03
  -3.8536062e+00   4.0000000e+00  -1.2596516e-03
  -3.8538012e+00   4.0000000e+00  -1.2214257e-03
  -3.8539932e+00   4.0000000e+00  -1.1837780e-03
  -3.8541822e+00   4.0000000e+00  -1.1467093e-03
  -3.8543682e+00   4.0000000e+00  -1.1102202e-03
  -3.8545511e+00   4.0000000e+00  -1.0743112e-03
  -3.8547311e+00   4.0000000e+00  -1.0389832e-03
  -3.8549080e+00   4.0000000e+00  -1.0042367e-03
  -3.8550820e+00   4.0000000e+00  -9.7007226e-04
  -3.8552529e+00   4.0000000e+00  -9.3649059e-04
  -3.8554208e+00   4.0000000e+00  -9.0349225e-04
  -3.8555857e+00   4.0000000e+00  -8.7107785e-04
  -3.8557475e+00   4.0000000e+00  -8.3924795e-04
  -3.8559064e+00   4.0000000e+00  -8.0800312e-04
  -3.8560622e+00   4.0000000e+00  -7.7734392e-04
  -3.8562150e+00   4.0000000e+00  -7.4727091e-04
  -3.8563648e+00   4.0000000e+00  -7.1778461e-04
  -3.8565116e+00   4.0000000e+00  -6.8888555e-04
  -3.8566553e+00   4.0000000e+00  -6.6057425e-04
  -3.8567961e+00   4.0000000e+00  -6.3285121e-04
  -3.8569338e+00   4.0000000e+00  -6.0571693e-04
  -3.8570685e+00   4.0000000e+00  -5.7917190e-04
  -3.8572002e+00   4.0000000e+00  -5.5321658e-04
  -3.8573288e+00   4.0000000e+00  -5.2785144e-04
  -3.8574545e+00   4.0000000e+00  -5.0307693e-04
  -3.8575771e+00   4.0000000e+00  -4.7889349e-04
  -3.8576966e+00   4.0000000e+00  -4.5530156e-04
  -3.8578132e+00   4.0000000e+00  -4.3230155e-04
  -3.8579268e+00   4.0000000e+00  -4.0989388e-04
  -3.8580373e+00   4.0000000e+00  -3.8807895e-04
  -3.8581448e+00   4.0000000e+00  -3.6685713e-04
  -3.8582492e+00   4.0000000e+00  -3.4622883e-04
  -3.8583507e+00   4.0000000e+00  -3.2619439e-04
  -3.8584491e+00   4.0000000e+00  -3.0675418e-04
  -3.8585445e+00   4.0000000e+00  -2.8790854e-04
  -3.8586369e+00   4.0000000e+00  -2.6965782e-04
  -3.8587262e+00   4.0000000e+00  -2.5200233e-04
  -3.8588125e+00   4.0000000e+00  -2.3494239e-04
  -3.8588958e+00   4.0000000e+00  -2.1847830e-04
  -3.8589761e+00   4.0000000e+00  -2.0261036e-04
  -3.8590533e+00   4.0000000e+00  -1.8733885e-04
  -3.8591275e+00   4.0000000e+00  -1.7266405e-04
  -3.8591987e+00   4.0000000e+00  -1.5858621e-04
  -3.8592669e+00   4.0000000e+00  -1.4510558e-04
  -3.8593320e+00   4.0000000e+00  -1.3222241e-04
  -3.8593941e+00   4.0000000e+00  -1.1993692e-04
  -3.8594532e+00   4.0000000e+00  -1.0824934e-04
  -3.8595092e+00   4.0000000e+00  -9.7159869e-05
  -3.8595622e+00   4.0000000e+00  -8.6668707e-05
  -3.8596122e+00   4.0000000e+00  -7.6776041e-05
  -3.8596592e+00   4.0000000e+00  -6.7482047e-05
  -3.8597031e+00   4.0000000e+00  -5.8786891e-05
  -3.8597440e+00   4.0000000e+00  -5.0690729e-05
  -3.8597819e+00   4.0000000e+00  -4.3193703e-05
  -3.8598167e+00   4.0000000e+00  -3.6295948e-05
  -3.8598485e+00   4.0000000e+00  -2.9997586e-05
  -3.8598773e+00   4.0000000e+00  -2.4298730e-05
  -3.8599030e+00   4.0000000e+00  -1.9199481e-05
  -3.8599258e+00   4.0000000e+00  -1.4699930e-05
  -3.8599455e+00   4.0000000e+00  -1.0800157e-05
  -3.8599621e+00   4.0000000e+00  -7.5002313e-06
  -3.8599758e+00   4.0000000e+00  -4.8002121e-06
  -3.8599864e+00   4.0000000e+00  -2.7001474e-06
  -3.8599939e+00   4.0000000e+00  -1.2000744e-06
  -3.8599985e+00   4.0000000e+00  -3.0001994e-07
  -3.8600000e+00   4.0000000e+00  -0.0000000e+00
  -3.8600000e+00   4.0000000e+00  -0.0000000e+00
