  -0.0000000e+00   0.0000000e+00  -0.0000000e+00
  -3.9005836e-06   0.0000000e+00  -3.2947277e-04
  -1.5602304e-05   0.0000000e+00  -6.5808985e-04
  -3.5105070e-05   0.0000000e+00  -9.8585063e-04
  -6.2408730e-05   0.0000000e+00  -1.3127545e-03
  -9.7513070e-05   0.0000000e+00  -1.6388008e-03
  -1.4041782e-04   0.0000000e+00  -1.9639891e-03
  -1.9112263e-04   0.0000000e+00  -2.2883187e-03
  -2.4962713e-04   0.0000000e+00  -2.6117891e-03
  -3.1593084e-04   0.0000000e+00  -2.9343997e-03
  -3.9003326e-04   0.0000000e+00  -3.2561500e-03
  -4.7193380e-04   0.0000000e+00  -3.5770396e-03
  -5.6163183e-04   0.0000000e+00  -3.8970678e-03
  -6.5912664e-04   0.0000000e+00  -4.2162342e-03
  -7.6441748e-04   0.0000000e+00  -4.5345383e-03
  -8.7750352e-04   0.0000000e+00  -4.8519797e-03
  -9.9838389e-04   0.0000000e+00  -5.1685580e-03
  -1.1270576e-03   0.0000000e+00  -5.4842726e-03
  -1.2635237e-03   0.0000000e+00  -5.7991232e-03
  -1.4077812e-03   0.0000000e+00  -6.1131093e-03
  -1.5598288e-03   0.0000000e+00  -6.4262305e-03
  -1.7196654e-03   0.0000000e+00  -6.7384866e-03
  -1.8872898e-03   0.0000000e+00  -7.0498770e-03
  -2.0627006e-03   0.0000000e+00  -7.3604014e-03
  -2.2458965e-03   0.0000000e+00  -7.6700596e-03
  -2.4368760e-03   0.0000000e+00  -7.9788511e-03
  -2.6356377e-03   0.0000000e+00  -8.2867756e-03
  -2.8421800e-03   0.0000000e+00  -8.5938329e-03
  -3.0565013e-03   0.0000000e+00  -8.9000226e-03
  -3.2785999e-03   0.0000000e+00  -9.2053444e-03
  -3.5084741e-03   0.0000000e+00  -9.5097981e-03
  -3.7461221e-03   0.0000000e+00  -9.8133835e-03
  -3.9915420e-03   0.0000000e+00  -1.0116100e-02
  -4.2447320e-03   0.0000000e+00  -1.0417948e-02
  -4.5056900e-03   0.0000000e+00  -1.0718927e-02
  -4.7744140e-03   0.0000000e+00  -1.1019036e-02
  -5.0509020e-03   0.0000000e+00  -1.1318276e-02
  -5.3351517e-03   0.0000000e+00  -1.1616646e-02
  -5.6271610e-03   0.0000000e+00  -1.1914147e-02
  -5.9269276e-03   0.0000000e+00  -1.2210777e-02
  -6.2344490e-03   0.0000000e+00  -1.2506537e-02
  -6.5497230e-03   0.0000000e+00  -1.2801427e-02
  -6.8727471e-03   0.0000000e+00  -1.3095446e-02
  -7.2035187e-03   0.0000000e+00  -1.3388595e-02
  -7.5420353e-03   0.0000000e+00  -1.3680873e-02
  -7.8882943e-03   0.0000000e+00  -1.3972280e-02
  -8.2422928e-03   0.0000000e+00  -1.4262817e-02
  -8.6040283e-03   0.0000000e+00  -1.4552482e-02
  -8.9734977e-03   0.0000000e+00  -1.4841276e-02
  -9.3506984e-03   0.0000000e+00  -1.5129199e-02
  -9.7356272e-03   0.0000000e+00  -1.5416251e-02
  -1.0128281e-02   0.0000000e+00  -1.5702432e-02
  -1.0528658e-02   0.0000000e+00  -1.5987741e-02
  -1.0936753e-02   0.0000000e+00  -1.6272180e-02
  -1.1352564e-02   0.0000000e+00  -1.6555747e-02
  -1.1776088e-02   0.0000000e+00  -1.6838442e-02
  -1.2207321e-02   0.0000000e+00  -1.7120266e-02
  -1.2646260e-02   0.0000000e+00  -1.7401219e-02
  -1.3092901e-02   0.0000000e+00  -1.7681301e-02
  -1.3547242e-02   0.0000000e+00  -1.7960512e-02
  -1.4009278e-02   0.0000000e+00  -1.8238851e-02
  -1.4479005e-02   0.0000000e+00  -1.8516319e-02
  -1.4956421e-02   0.0000000e+00  -1.8792916e-02
  -1.5441522e-02   0.0000000e+00  -1.9068642e-02
  -1.5934303e-02   0.0000000e+00  -1.9343497e-02
  -1.6434761e-02   0.0000000e+00  -1.9617480e-02
  -1.6942892e-02   0.0000000e+00  -1.9890593e-02
  -1.7458693e-02   0.0000000e+00  -2.0162836e-02
  -1.7982158e-02   0.0000000e+00  -2.0434207e-02
  -1.8513283e-02   0.0000000e+00  -2.0704708e-02
  -1.9052066e-02   0.0000000e+00  -2.0974339e-02
  -1.9598501e-02   0.0000000e+00  -2.1243099e-02
  -2.0152585e-02   0.0000000e+00  -2.1510988e-02
  -2.0714312e-02   0.0000000e+00  -2.1778008e-02
  -2.1283679e-02   0.0000000e+00  -2.2044158e-02
  -2.1860681e-02   0.0000000e+00  -2.2309437e-02
  -2.2445314e-02   0.0000000e+00  -2.2573847e-02
  -2.3037573e-02   0.0000000e+00  -2.2837387e-02
  -2.3637453e-02   0.0000000e+00  -2.3100058e-02
  -2.4244950e-02   0.0000000e+00  -2.3361859e-02
  -2.4860059e-02   0.0000000e+00  -2.3622791e-02
  -2.5482776e-02   0.0000000e+00  -2.3882854e-02
  -2.6113094e-02   0.0000000e+00  -2.4142048e-02
  -2.6751011e-02   0.0000000e+00  -2.4400374e-02
  -2.7396519e-02   0.0000000e+00  -2.4657830e-02
  -2.8049615e-02   0.0000000e+00  -2.4914418e-02
  -2.8710294e-02   0.0000000e+00  -2.5170138e-02
  -2.9378549e-02   0.0000000e+00  -2.5424990e-02
  -3.0054377e-02   0.0000000e+00  -2.5678974e-02
  -3.0737771e-02   0.0000000e+00  -2.5932090e-02
  -3.1428727e-02   0.0000000e+00  -2.6184338e-02
  -3.2127238e-02   0.0000000e+00  -2.6435719e-02
  -3.2833301e-02   0.0000000e+00  -2.6686233e-02
  -3.3546908e-02   0.0000000e+00  -2.6935879e-02
  -3.4268054e-02   0.0000000e+00  -2.7184658e-02
  -3.4996735e-02   0.0000000e+00  -2.7432571e-02
  -3.5732944e-02   0.0000000e+00  -2.7679617e-02
  -3.6476675e-02   0.0000000e+00  -2.7925796e-02
  -3.7227922e-02   0.0000000e+00  -2.8171109e-02
  -3.7986681e-02   0.0000000e+00  -2.8415556e-02
  -3.8752944e-02   0.0000000e+00  -2.8659137e-02
  -3.9526706e-02   0.0000000e+00  -2.8901853e-02
  -4.0307961e-02   0.0000000e+00  -2.9143702e-02
  -4.1096703e-02   0.0000000e+00  -2.9384686e-02
  -4.1892925e-02   0.0000000e+00  -2.9624804e-02
  -4.2696621e-02   0.0000000e+00  -2.9864058e-02
  -4.3507786e-02   0.0000000e+00  -3.0102446e-02
  -4.4326412e-02   0.0000000e+00  -3.0339969e-02
  -4.5152494e-02   0.0000000e+00  -3.0576627e-02
  -4.5986025e-02   0.0000000e+00  -3.0812421e-02
  -4.6826998e-02   0.0000000e+00  -3.1047350e-02
  -4.7675407e-02   0.0000000e+00  -3.1281415e-02
  -4.8531245e-02   0.0000000e+00  -3.1514615e-02
  -4.9394506e-02   0.0000000e+00  -3.1746951e-02
  -5.0265183e-02   0.0000000e+00  -3.1978423e-02
  -5.1143268e-02   0.0000000e+00  -3.2209031e-02
  -5.2028756e-02   0.0000000e+00  -3.2438774e-02
  -5.2921639e-02   0.0000000e+00  -3.2667654e-02
  -5.3821911e-02   0.0000000e+00  -3.2895671e-02
  -5.4729563e-02   0.0000000e+00  -3.3122823e-02
  -5.5644590e-02   0.0000000e+00  -3.3349112e-02
  -5.6566984e-02   0.0000000e+00  -3.3574537e-02
  -5.7496738e-02   0.0000000e+00  -3.3799098e-02
  -5.8433845e-02   0.0000000e+00  -3.4022796e-02
  -5.9378297e-02   0.0000000e+00  -3.4245631e-02
  -6.0330086e-02   0.0000000e+00  -3.4467601e-02
  -6.1289207e-02   0.0000000e+00  -3.4688709e-02
  -6.2255650e-02   0.0000000e+00  -3.4908952e-02
  -6.3229409e-02   0.0000000e+00  -3.5128333e-02
  -6.4210476e-02   0.0000000e+00  -3.5346849e-02
  -6.5198843e-02   0.0000000e+00  -3.5564502e-02
  -6.6194502e-02   0.0000000e+00  -3.5781292e-02
  -6.7197447e-02   0.0000000e+00  -3.5997217e-02
  -6.8207668e-02   0.0000000e+00  -3.6212279e-02
  -6.9225158e-02   0.0000000e+00  -3.6426477e-02
  -7.0249910e-02   0.0000000e+00  -3.6639810e-02
  -7.1281914e-02   0.0000000e+00  -3.6852280e-02
  -7.2321164e-02   0.0000000e+00  -3.7063885e-02
  -7.3367651e-02   0.0000000e+00  -3.7274626e-02
  -7.4421366e-02   0.0000000e+00  -3.7484503e-02
  -7.5482302e-02   0.0000000e+00  -3.7693514e-02
  -7.6550450e-02   0.0000000e+00  -3.7901661e-02
  -7.7625803e-02   0.0000000e+00  -3.8108942e-02
  -7.8708351e-02   0.0000000e+00  -3.8315359e-02
  -7.9798086e-02   0.0000000e+00  -3.8520909e-02
  -8.0895000e-02   0.0000000e+00  -3.8725594e-02
  -8.1999084e-02   0.0000000e+00  -3.8929413e-02
  -8.3110329e-02   0.0000000e+00  -3.9132365e-02
  -8.4228727e-02   0.0000000e+00  -3.9334450e-02
  -8.5354269e-02   0.0000000e+00  -3.9535669e-02
  -8.6486947e-02   0.0000000e+00  -3.9736020e-02
  -8.7626751e-02   0.0000000e+00  -3.9935503e-02
  -8.8773672e-02   0.0000000e+00  -4.0134119e-02
  -8.9927703e-02   0.0000000e+00  -4.0331866e-02
  -9.1088832e-02   0.0000000e+00  -4.0528743e-02
  -9.2257053e-02   0.0000000e+00  -4.0724752e-02
  -9.3432355e-02   0.0000000e+00  -4.0919891e-02
  -9.4614729e-02   0.0000000e+00  -4.1114159e-02
  -9.5804166e-02   0.0000000e+00  -4.1307557e-02
  -9.7000657e-02   0.0000000e+00  -4.1500083e-02
  -9.8204193e-02   0.0000000e+00  -4.1691738e-02
  -9.9414763e-02   0.0000000e+00  -4.1882520e-02
  -1.0063236e-01   0.0000000e+00  -4.2072429e-02
  -1.0185697e-01   0.0000000e+00  -4.2261465e-02
  -1.0308859e-01   0.0000000e+00  -4.2449627e-02
  -1.0432721e-01   0.0000000e+00  -4.2636913e-02
  -1.0557281e-01   0.0000000e+00  -4.2823324e-02
  -1.0682539e-01   0.0000000e+00  -4.3008859e-02
  -1.0808494e-01   0.0000000e+00  -4.3193517e-02
  -1.0935144e-01   0.0000000e+00  -4.3377297e-02
  -1.1062490e-01   0.0000000e+00  -4.3560199e-02
  -1.1190529e-01   0.0000000e+00  -4.3742221e-02
  -1.1319261e-01   0.0000000e+00  -4.3923364e-02
  -1.1448685e-01   0.0000000e+00  -4.4103625e-02
  -1.1578800e-01   0.0000000e+00  -4.4283005e-02
  -1.1709604e-01   0.0000000e+00  -4.4461501e-02
  -1.1841098e-01   0.0000000e+00  -4.4639115e-02
  -1.1973279e-01   0.0000000e+00  -4.4815843e-02
  -1.2106146e-01   0.0000000e+00  -4.4991686e-02
  -1.2239700e-01   0.0000000e+00  -4.5166642e-02
  -1.2373938e-01   0.0000000e+00  -4.5340711e-02
  -1.2508859e-01   0.0000000e+00  -4.5513891e-02
  -1.2644463e-01   0.0000000e+00  -4.5686181e-02
  -1.2780749e-01   0.0000000e+00  -4.5857580e-02
  -1.2917715e-01   0.0000000e+00  -4.6028087e-02
  -1.3055360e-01   0.0000000e+00  -4.6197701e-02
  -1.3193684e-01   0.0000000e+00  -4.6366420e-02
  -1.3332685e-01   0.0000000e+00  -4.6534244e-02
  -1.3472362e-01   0.0000000e+00  -4.6701170e-02
  -1.3612714e-01   0.0000000e+00  -4.6867198e-02
  -1.3753740e-01   0.0000000e+00  -4.7032327e-02
  -1.3895438e-01   0.0000000e+00  -4.7196554e-02
  -1.4037809e-01   0.0000000e+00  -4.7359879e-02
  -1.4180850e-01   0.0000000e+00  -4.7522300e-02
  -1.4324560e-01   0.0000000e+00  -4.7683816e-02
  -1.4468939e-01   0.0000000e+00  -4.7844424e-02
  -1.4613985e-01   0.0000000e+00  -4.8004125e-02
  -1.4759698e-01   0.0000000e+00  -4.8162915e-02
  -1.4906075e-01   0.0000000e+00  -4.8320794e-02
  -1.5053116e-01   0.0000000e+00  -4.8477759e-02
  -1.5200819e-01   0.0000000e+00  -4.8633810e-02
  -1.5349185e-01   0.0000000e+00  -4.8788944e-02
  -1.5498210e-01   0.0000000e+00  -4.8943160e-02
  -1.5647895e-01   0.0000000e+00  -4.9096455e-02
  -1.5798238e-01   0.0000000e+00  -4.9248829e-02
  -1.5949238e-01   0.0000000e+00  -4.9400278e-02
  -1.6100893e-01   0.0000000e+00  -4.9550802e-02
  -1.6253203e-01   0.0000000e+00  -4.9700399e-02
  -1.6406167e-01   0.0000000e+00  -4.9849066e-02
  -1.6559782e-01   0.0000000e+00  -4.9996801e-02
  -1.6714048e-01   0.0000000e+00  -5.0143603e-02
  -1.6868964e-01   0.0000000e+00  -5.0289469e-02
  -1.7024529e-01   0.0000000e+00  -5.0434397e-02
  -1.7180741e-01   0.0000000e+00  -5.0578385e-02
  -1.7337599e-01   0.0000000e+00  -5.0721431e-02
  -1.7495102e-01   0.0000000e+00  -5.0863533e-02
  -1.7653248e-01   0.0000000e+00  -5.1004688e-02
  -1.7812037e-01   0.0000000e+00  -5.1144894e-02
  -1.7971467e-01   0.0000000e+00  -5.1284149e-02
  -1.8131537e-01   0.0000000e+00  -5.1422451e-02
  -1.8292246e-01   0.0000000e+00  -5.1559796e-02
  -1.8453592e-01   0.0000000e+00  -5.1696183e-02
  -1.8615574e-01   0.0000000e+00  -5.1831608e-02
  -1.8778191e-01   0.0000000e+00  -5.1966070e-02
  -1.8941442e-01   0.0000000e+00  -5.2099566e-02
  -1.9105325e-01   0.0000000e+00  -5.2232093e-02
  -1.9269839e-01   0.0000000e+00  -5.2363649e-02
  -1.9434983e-01   0.0000000e+00  -5.2494230e-02
  -1.9600755e-01   0.0000000e+00  -5.2623834e-02
  -1.9767155e-01   0.0000000e+00  -5.2752459e-02
  -1.9934181e-01   0.0000000e+00  -5.2880101e-02
  -2.0101831e-01   0.0000000e+00  -5.3006757e-02
  -2.0270104e-01   0.0000000e+00  -5.3132425e-02
  -2.0439000e-01   0.0000000e+00  -5.3257102e-02
  -2.0608516e-01   0.0000000e+00  -5.3380784e-02
  -2.0778651e-01   0.0000000e+00  -5.3503469e-02
  -2.0949405e-01   0.0000000e+00  -5.3625153e-02
  -2.1120775e-01   0.0000000e+00  -5.3745834e-02
  -2.1292760e-01   0.0000000e+00  -5.3865508e-02
  -2.1465360e-01   0.0000000e+00  -5.3984171e-02
  -2.1638572e-01   0.0000000e+00  -5.4101822e-02
  -2.1812396e-01   0.0000000e+00  -5.4218455e-02
  -2.1986829e-01   0.0000000e+00  -5.4334068e-02
  -2.2161871e-01   0.0000000e+00  -5.4448658e-02
  -2.2337520e-01   0.0000000e+00  -5.4562221e-02
  -2.2513775e-01   0.0000000e+00  -5.4674754e-02
  -2.2690635e-01   0.0000000e+00  -5.4786252e-02
  -2.2868098e-01   0.0000000e+00  -5.4896713e-02
  -2.3046162e-01   0.0000000e+00  -5.5006133e-02
  -2.3224827e-01   0.0000000e+00  -5.5114507e-02
  -2.3404091e-01   0.0000000e+00  -5.5221833e-02
  -2.3583952e-01   0.0000000e+00  -5.5328107e-02
  -2.3764409e-01   0.0000000e+00  -5.5433324e-02
  -2.3945461e-01   0.0000000e+00  -5.5537481e-02
  -2.4127107e-01   0.0000000e+00  -5.5640574e-02
  -2.4309344e-01   0.0000000e+00  -5.5742599e-02
  -2.4492172e-01   0.0000000e+00  -5.5843552e-02
  -2.4675589e-01   0.0000000e+00  -5.5943428e-02
  -2.4859593e-01   0.0000000e+00  -5.6042225e-02
  -2.5044184e-01   0.0000000e+00  -5.6139937e-02
  -2.5229359e-01   0.0000000e+00  -5.6236560e-02
  -2.5415118e-01   0.0000000e+00  -5.6332090e-02
  -2.5601458e-01   0.0000000e+00  -5.6426524e-02
  -2.5788379e-01   0.0000000e+00  -5.6519855e-02
  -2.5975879e-01   0.0000000e+00  -5.6612081e-02
  -2.6163957e-01   0.0000000e+00  -5.6703196e-02
  -2.6352610e-01   0.0000000e+00  -5.6793197e-02
  -2.6541838e-01   0.0000000e+00  -5.6882078e-02
  -2.6731639e-01   0.0000000e+00  -5.6969835e-02
  -2.6922011e-01   0.0000000e+00  -5.7056463e-02
  -2.7112954e-01   0.0000000e+00  -5.7141958e-02
  -2.7304465e-01   0.0000000e+00  -5.7226315e-02
  -2.7496543e-01   0.0000000e+00  -5.7309529e-02
  -2.7689187e-01   0.0000000e+00  -5.7391595e-02
  -2.7882395e-01   0.0000000e+00  -5.7472508e-02
  -2.8076166e-01   0.0000000e+00  -5.7552264e-02
  -2.8270498e-01   0.0000000e+00  -5.7630857e-02
  -2.8465389e-01   0.0000000e+00  -5.7708283e-02
  -2.8660838e-01   0.0000000e+00  -5.7784536e-02
  -2.8856844e-01   0.0000000e+00  -5.7859611e-02
  -2.9053405e-01   0.0000000e+00  -5.7933503e-02
  -2.9250520e-01   0.0000000e+00  -5.8006206e-02
  -2.9448186e-01   0.0000000e+00  -5.8077716e-02
  -2.9646403e-01   0.0000000e+00  -5.8148027e-02
  -2.9845168e-01   0.0000000e+00  -5.8217134e-02
  -3.0044481e-01   0.0000000e+00  -5.8285032e-02
  -3.0244339e-01   0.0000000e+00  -5.8351713e-02
  -3.0444742e-01   0.0000000e+00  -5.8417175e-02
  -3.0645687e-01   0.0000000e+00  -5.8481409e-02
  -3.0847174e-01   0.0000000e+00  -5.8544412e-02
  -3.1049200e-01   0.0000000e+00  -5.8606177e-02
  -3.1251763e-01   0.0000000e+00  -5.8666699e-02
  -3.1454863e-01   0.0000000e+00  -5.8725972e-02
  -3.1658498e-01   0.0000000e+00  -5.8783989e-02
  -3.1862666e-01   0.0000000e+00  -5.8840746e-02
  -3.2067366e-01   0.0000000e+00  -5.8896235e-02
  -3.2272595e-01   0.0000000e+00  -5.8950452e-02
  -3.2478353e-01   0.0000000e+00  -5.9003390e-02
  -3.2684637e-01   0.0000000e+00  -5.9055043e-02
  -3.2891447e-01   0.0000000e+00  -5.9105405e-02
  -3.3098780e-01   0.0000000e+00  -5.9154470e-02
  -3.3306635e-01   0.0000000e+00  -5.9202231e-02
  -3.3515011e-01   0.0000000e+00  -5.9248682e-02
  -3.3723905e-01   0.0000000e+00  -5.9293818e-02
  -3.3933316e-01   0.0000000e+00  -5.9337630e-02
  -3.4143242e-01   0.0000000e+00  -5.9380114e-02
  -3.4353683e-01   0.0000000e+00  -5.9421262e-02
  -3.4564635e-01   0.0000000e+00  -5.9461069e-02
  -3.4776098e-01   0.0000000e+00  -5.9499527e-02
  -3.4988070e-01   0.0000000e+00  -5.9536629e-02
  -3.5200548e-01   0.0000000e+00  -5.9572370e-02
  -3.5413533e-01   0.0000000e+00  -5.9606742e-02
  -3.5627021e-01   0.0000000e+00  -5.9639739e-02
  -3.5841011e-01   0.0000000e+00  -5.9671354e-02
  -3.6055502e-01   0.0000000e+00  -5.9701580e-02
  -3.6270492e-01   0.0000000e+00  -5.9730410e-02
  -3.6485979e-01   0.0000000e+00  -5.9757837e-02
  -3.6701961e-01   0.0000000e+00  -5.9783854e-02
  -3.6918437e-01   0.0000000e+00  -5.9808454e-02
  -3.7135406e-01   0.0000000e+00  -5.9831629e-02
  -3.7352864e-01   0.0000000e+00  -5.9853374e-02
  -3.7570812e-01   0.0000000e+00  -5.9873680e-02
  -3.7789246e-01   0.0000000e+00  -5.9892540e-02
  -3.8008166e-01   0.0000000e+00  -5.9909948e-02
  -3.8227569e-01   0.0000000e+00  -5.9925895e-02
  -3.8447455e-01   0.0000000e+00  -5.9940374e-02
  -3.8667820e-01   0.0000000e+00  -5.9953378e-02
  -3.8888664e-01   0.0000000e+00  -5.9964899e-02
  -3.9109985e-01   0.0000000e+00  -5.9974930e-02
  -3.9331780e-01   0.0000000e+00  -5.9983464e-02
  -3.9554049e-01   0.0000000e+00  -5.9990491e-02
  -3.9776790e-01   0.0000000e+00  -5.9996006e-02
  -4.0000000e-01   0.0000000e+00  -6.0000000e-02
  -4.0000000e-01   0.0000000e+00  -6.0000000e-02
  -4.0159473e-01   0.0000000e+00  -5.9998743e-02
  -4.0318825e-01   0.0000000e+00  -5.9996632e-02
  -4.0478055e-01   0.0000000e+00  -5.9993671e-02
  -4.0637162e-01   0.0000000e+00  -5.9989859e-02
  -4.0796146e-01   0.0000000e+00  -5.9985201e-02
  -4.0955006e-01   0.0000000e+00  -5.9979697e-02
  -4.1113742e-01   0.0000000e+00  -5.9973350e-02
  -4.1272353e-01   0.0000000e+00  -5.9966162e-02
  -4.1430840e-01   0.0000000e+00  -5.9958136e-02
  -4.1589201e-01   0.0000000e+00  -5.9949272e-02
  -4.1747436e-01   0.0000000e+00  -5.9939574e-02
  -4.1905544e-01   0.0000000e+00  -5.9929044e-02
  -4.2063526e-01   0.0000000e+00  -5.9917683e-02
  -4.2221380e-01   0.0000000e+00  -5.9905494e-02
  -4.2379106e-01   0.0000000e+00  -5.9892479e-02
  -4.2536704e-01   0.0000000e+00  -5.9878640e-02
  -4.2694173e-01   0.0000000e+00  -5.9863979e-02
  -4.2851512e-01   0.0000000e+00  -5.9848499e-02
  -4.3008722e-01   0.0000000e+00  -5.9832202e-02
  -4.3165801e-01   0.0000000e+00  -5.9815090e-02
  -4.3322750e-01   0.0000000e+00  -5.9797164e-02
  -4.3479567e-01   0.0000000e+00  -5.9778429e-02
  -4.3636252e-01   0.0000000e+00  -5.9758884e-02
  -4.3792806e-01   0.0000000e+00  -5.9738534e-02
  -4.3949226e-01   0.0000000e+00  -5.9717379e-02
  -4.4105514e-01   0.0000000e+00  -5.9695423e-02
  -4.4261668e-01   0.0000000e+00  -5.9672667e-02
  -4.4417688e-01   0.0000000e+00  -5.9649114e-02
  -4.4573573e-01   0.0000000e+00  -5.9624767e-02
  -4.4729323e-01   0.0000000e+00  -5.9599626e-02
  -4.4884937e-01   0.0000000e+00  -5.9573695e-02
  -4.5040416e-01   0.0000000e+00  -5.9546977e-02
  -4.5195758e-01   0.0000000e+00  -5.9519472e-02
  -4.5350963e-01   0.0000000e+00  -5.9491184e-02
  -4.5506031e-01   0.0000000e+00  -5.9462115e-02
  -4.5660961e-01   0.0000000e+00  -5.9432267e-02
  -4.5815752e-01   0.0000000e+00  -5.9401642e-02
  -4.5970405e-01   0.0000000e+00  -5.9370244e-02
  -4.6124919e-01   0.0000000e+00  -5.9338073e-02
  -4.6279292e-01   0.0000000e+00  -5.9305134e-02
  -4.6433526e-01   0.0000000e+00  -5.9271427e-02
  -4.6587619e-01   0.0000000e+00  -5.9236955e-02
  -4.6741570e-01   0.0000000e+00  -5.9201721e-02
  -4.6895380e-01   0.0000000e+00  -5.9165727e-02
  -4.7049048e-01   0.0000000e+00  -5.9128976e-02
  -4.7202573e-01   0.0000000e+00  -5.9091469e-02
  -4.7355956e-01   0.0000000e+00  -5.9053210e-02
  -4.7509195e-01   0.0000000e+00  -5.9014200e-02
  -4.7662289e-01   0.0000000e+00  -5.8974442e-02
  -4.7815240e-01   0.0000000e+00  -5.8933939e-02
  -4.7968046e-01   0.0000000e+00  -5.8892692e-02
  -4.8120706e-01   0.0000000e+00  -5.8850705e-02
  -4.8273220e-01   0.0000000e+00  -5.8807980e-02
  -4.8425589e-01   0.0000000e+00  -5.8764519e-02
  -4.8577810e-01   0.0000000e+00  -5.8720324e-02
  -4.8729884e-01   0.0000000e+00  -5.8675399e-02
  -4.8881811e-01   0.0000000e+00  -5.8629745e-02
  -4.9033590e-01   0.0000000e+00  -5.8583366e-02
  -4.9185220e-01   0.0000000e+00  -5.8536263e-02
  -4.9336701e-01   0.0000000e+00  -5.8488439e-02
  -4.9488032e-01   0.0000000e+00  -5.8439896e-02
  -4.9639214e-01   0.0000000e+00  -5.8390638e-02
  -4.9790245e-01   0.0000000e+00  -5.8340666e-02
  -4.9941125e-01   0.0000000e+00  -5.8289983e-02
  -5.0091854e-01   0.0000000e+00  -5.8238592e-02
  -5.0242431e-01   0.0000000e+00  -5.8186495e-02
  -5.0392856e-01   0.0000000e+00  -5.8133695e-02
  -5.0543128e-01   0.0000000e+00  -5.8080193e-02
  -5.0693247e-01   0.0000000e+00  -5.8025994e-02
  -5.0843213e-01   0.0000000e+00  -5.7971099e-02
  -5.0993024e-01   0.0000000e+00  -5.7915511e-02
  -5.1142681e-01   0.0000000e+00  -5.7859232e-02
  -5.1292183e-01   0.0000000e+00  -5.7802265e-02
  -5.1441530e-01   0.0000000e+00  -5.7744612e-02
  -5.1590721e-01   0.0000000e+00  -5.7686277e-02
  -5.1739755e-01   0.0000000e+00  -5.7627262e-02
  -5.1888633e-01   0.0000000e+00  -5.7567569e-02
  -5.2037353e-01   0.0000000e+00  -5.7507200e-02
  -5.2185916e-01   0.0000000e+00  -5.7446159e-02
  -5.2334321e-01   0.0000000e+00  -5.7384449e-02
  -5.2482567e-01   0.0000000e+00  -5.7322071e-02
  -5.2630654e-01   0.0000000e+00  -5.7259029e-02
  -5.2778582e-01   0.0000000e+00  -5.7195324e-02
  -5.2926349e-01   0.0000000e+00  -5.7130960e-02
  -5.3073957e-01   0.0000000e+00  -5.7065940e-02
  -5.3221403e-01   0.0000000e+00  -5.7000265e-02
  -5.3368688e-01   0.0000000e+00  -5.6933939e-02
  -5.3515812e-01   0.0000000e+00  -5.6866964e-02
  -5.3662773e-01   0.0000000e+00  -5.6799343e-02
  -5.3809572e-01   0.0000000e+00  -5.6731078e-02
  -5.3956208e-01   0.0000000e+00  -5.6662173e-02
  -5.4102680e-01   0.0000000e+00  -5.6592630e-02
  -5.4248989e-01   0.0000000e+00  -5.6522451e-02
  -5.4395133e-01   0.0000000e+00  -5.6451639e-02
  -5.4541112e-01   0.0000000e+00  -5.6380198e-02
  -5.4686926e-01   0.0000000e+00  -5.6308129e-02
  -5.4832574e-01   0.0000000e+00  -5.6235435e-02
  -5.4978056e-01   0.0000000e+00  -5.6162120e-02
  -5.5123372e-01   0.0000000e+00  -5.6088185e-02
  -5.5268520e-01   0.0000000e+00  -5.6013634e-02
  -5.5413502e-01   0.0000000e+00  -5.5938469e-02
  -5.5558315e-01   0.0000000e+00  -5.5862692e-02
  -5.5702960e-01   0.0000000e+00  -5.5786308e-02
  -5.5847436e-01   0.0000000e+00  -5.5709318e-02
  -5.5991742e-01   0.0000000e+00  -5.5631725e-02
  -5.6135880e-01   0.0000000e+00  -5.5553532e-02
  -5.6279847e-01   0.0000000e+00  -5.5474742e-02
  -5.6423643e-01   0.0000000e+00  -5.5395357e-02
  -5.6567269e-01   0.0000000e+00  -5.5315380e-02
  -5.6710723e-01   0.0000000e+00  -5.5234814e-02
  -5.6854006e-01   0.0000000e+00  -5.5153662e-02
  -5.6997116e-01   0.0000000e+00  -5.5071926e-02
  -5.7140053e-01   0.0000000e+00  -5.4989610e-02
  -5.7282818e-01   0.0000000e+00  -5.4906715e-02
  -5.7425408e-01   0.0000000e+00  -5.4823246e-02
  -5.7567825e-01   0.0000000e+00  -5.4739204e-02
  -5.7710067e-01   0.0000000e+00  -5.4654592e-02
  -5.7852135e-01   0.0000000e+00  -5.4569414e-02
  -5.7994027e-01   0.0000000e+00  -5.4483672e-02
  -5.8135744e-01   0.0000000e+00  -5.4397368e-02
  -5.8277284e-01   0.0000000e+00  -5.4310507e-02
  -5.8418648e-01   0.0000000e+00  -5.4223089e-02
  -5.8559835e-01   0.0000000e+00  -5.4135119e-02
  -5.8700844e-01   0.0000000e+00  -5.4046599e-02
  -5.8841675e-01   0.0000000e+00  -5.3957532e-02
  -5.8982329e-01   0.0000000e+00  -5.3867921e-02
  -5.9122803e-01   0.0000000e+00  -5.3777768e-02
  -5.9263098e-01   0.0000000e+00  -5.3687077e-02
  -5.9403214e-01   0.0000000e+00  -5.3595850e-02
  -5.9543150e-01   0.0000000e+00  -5.3504091e-02
  -5.9682905e-01   0.0000000e+00  -5.3411801e-02
  -5.9822480e-01   0.0000000e+00  -5.3318984e-02
  -5.9961873e-01   0.0000000e+00  -5.3225643e-02
  -6.0101085e-01   0.0000000e+00  -5.3131780e-02
  -6.0240114e-01   0.0000000e+00  -5.3037399e-02
  -6.0378961e-01   0.0000000e+00  -5.2942502e-02
  -6.0517626e-01   0.0000000e+00  -5.2847093e-02
  -6.0656106e-01   0.0000000e+00  -5.2751173e-02
  -6.0794403e-01   0.0000000e+00  -5.2654747e-02
  -6.0932516e-01   0.0000000e+00  -5.2557816e-02
  -6.1070444e-01   0.0000000e+00  -5.2460384e-02
  -6.1208187e-01   0.0000000e+00  -5.2362453e-02
  -6.1345745e-01   0.0000000e+00  -5.2264028e-02
  -6.1483116e-01   0.0000000e+00  -5.2165109e-02
  -6.1620302e-01   0.0000000e+00  -5.2065701e-02
  -6.1757301e-01   0.0000000e+00  -5.1965806e-02
  -6.1894112e-01   0.0000000e+00  -5.1865427e-02
  -6.2030736e-01   0.0000000e+00  -5.1764568e-02
  -6.2167173e-01   0.0000000e+00  -5.1663230e-02
  -6.2303420e-01   0.0000000e+00  -5.1561417e-02
  -6.2439479e-01   0.0000000e+00  -5.1459132e-02
  -6.2575349e-01   0.0000000e+00  -5.1356378e-02
  -6.2711029e-01   0.0000000e+00  -5.1253157e-02
  -6.2846520e-01   0.0000000e+00  -5.1149473e-02
  -6.2981819e-01   0.0000000e+00  -5.1045328e-02
  -6.3116928e-01   0.0000000e+00  -5.0940726e-02
  -6.3251846e-01   0.0000000e+00  -5.0835669e-02
  -6.3386572e-01   0.0000000e+00  -5.0730161e-02
  -6.3521106e-01   0.0000000e+00  -5.0624204e-02
  -6.3655448e-01   0.0000000e+00  -5.0517801e-02
  -6.3789597e-01   0.0000000e+00  -5.0410955e-02
  -6.3923552e-01   0.0000000e+00  -5.0303670e-02
  -6.4057314e-01   0.0000000e+00  -5.0195947e-02
  -6.4190881e-01   0.0000000e+00  -5.0087790e-02
  -6.4324255e-01   0.0000000e+00  -4.9979203e-02
  -6.4457433e-01   0.0000000e+00  -4.9870187e-02
  -6.4590416e-01   0.0000000e+00  -4.9760747e-02
  -6.4723203e-01   0.0000000e+00  -4.9650884e-02
  -6.4855794e-01   0.0000000e+00  -4.9540602e-02
  -6.4988189e-01   0.0000000e+00  -4.9429904e-02
  -6.5120387e-01   0.0000000e+00  -4.9318792e-02
  -6.5252387e-01   0.0000000e+00  -4.9207271e-02
  -6.5384190e-01   0.0000000e+00  -4.9095342e-02
  -6.5515795e-01   0.0000000e+00  -4.8983009e-02
  -6.5647201e-01   0.0000000e+00  -4.8870274e-02
  -6.5778408e-01   0.0000000e+00  -4.8757141e-02
  -6.5909416e-01   0.0000000e+00  -4.8643613e-02
  -6.6040224e-01   0.0000000e+00  -4.8529693e-02
  -6.6170832e-01   0.0000000e+00  -4.8415383e-02
  -6.6301240e-01   0.0000000e+00  -4.8300687e-02
  -6.6431447e-01   0.0000000e+00  -4.8185607e-02
  -6.6561452e-01   0.0000000e+00  -4.8070147e-02
  -6.6691256e-01   0.0000000e+00  -4.7954310e-02
  -6.6820858e-01   0.0000000e+00  -4.7838098e-02
  -6.6950257e-01   0.0000000e+00  -4.7721515e-02
  -6.7079453e-01   0.0000000e+00  -4.7604564e-02
  -6.7208447e-01   0.0000000e+00  -4.7487247e-02
  -6.7337236e-01   0.0000000e+00  -4.7369568e-02
  -6.7465822e-01   0.0000000e+00  -4.7251529e-02
  -6.7594203e-01   0.0000000e+00  -4.7133134e-02
  -6.7722379e-01   0.0000000e+00  -4.7014386e-02
  -6.7850350e-01   0.0000000e+00  -4.6895287e-02
  -6.7978116e-01   0.0000000e+00  -4.6775841e-02
  -6.8105675e-01   0.0000000e+00  -4.6656051e-02
  -6.8233028e-01   0.0000000e+00  -4.6535919e-02
  -6.8360175e-01   0.0000000e+00  -4.6415450e-02
  -6.8487114e-01   0.0000000e+00  -4.6294644e-02
  -6.8613846e-01   0.0000000e+00  -4.6173507e-02
  -6.8740370e-01   0.0000000e+00  -4.6052040e-02
  -6.8866686e-01   0.0000000e+00  -4.5930247e-02
  -6.8992793e-01   0.0000000e+00  -4.5808131e-02
  -6.9118691e-01   0.0000000e+00  -4.5685695e-02
  -6.9244379e-01   0.0000000e+00  -4.5562941e-02
  -6.9369858e-01   0.0000000e+00  -4.5439874e-02
  -6.9495126e-01   0.0000000e+00  -4.5316495e-02
  -6.9620184e-01   0.0000000e+00  -4.5192808e-02
  -6.9745032e-01   0.0000000e+00  -4.5068816e-02
  -6.9869667e-01   0.0000000e+00  -4.4944522e-02
  -6.9994091e-01   0.0000000e+00  -4.4819929e-02
  -7.0118303e-01   0.0000000e+00  -4.4695041e-02
  -7.0242303e-01   0.0000000e+00  -4.4569859e-02
  -7.0366089e-01   0.0000000e+00  -4.4444387e-02
  -7.0489663e-01   0.0000000e+00  -4.4318628e-02
  -7.0613023e-01   0.0000000e+00  -4.4192586e-02
  -7.0736169e-01   0.0000000e+00  -4.4066262e-02
  -7.0859100e-01   0.0000000e+00  -4.3939661e-02
  -7.0981817e-01   0.0000000e+00  -4.3812785e-02
  -7.1104319e-01   0.0000000e+00  -4.3685637e-02
  -7.1226606e-01   0.0000000e+00  -4.3558221e-02
  -7.1348676e-01   0.0000000e+00  -4.3430539e-02
  -7.1470531e-01   0.0000000e+00  -4.3302594e-02
  -7.1592169e-01   0.0000000e+00  -4.3174390e-02
  -7.1713590e-01   0.0000000e+00  -4.3045929e-02
  -7.1834793e-01   0.0000000e+00  -4.2917214e-02
  -7.1955779e-01   0.0000000e+00  -4.2788249e-02
  -7.2076547e-01   0.0000000e+00  -4.2659037e-02
  -7.2197097e-01   0.0000000e+00  -4.2529580e-02
  -7.2317428e-01   0.0000000e+00  -4.2399881e-02
  -7.2437540e-01   0.0000000e+00  -4.2269944e-02
  -7.2557432e-01   0.0000000e+00  -4.2139772e-02
  -7.2677104e-01   0.0000000e+00  -4.2009368e-02
  -7.2796557e-01   0.0000000e+00  -4.1878734e-02
  -7.2915788e-01   0.0000000e+00  -4.1747874e-02
  -7.3034799e-01   0.0000000e+00  -4.1616791e-02
  -7.3153588e-01   0.0000000e+00  -4.1485487e-02
  -7.3272156e-01   0.0000000e+00  -4.1353967e-02
  -7.3390502e-01   0.0000000e+00  -4.1222232e-02
  -7.3508626e-01   0.0000000e+00  -4.1090286e-02
  -7.3626526e-01   0.0000000e+00  -4.0958132e-02
  -7.3744204e-01   0.0000000e+00  -4.0825773e-02
  -7.3861658e-01   0.0000000e+00  -4.0693212e-02
  -7.3978889e-01   0.0000000e+00  -4.0560452e-02
  -7.4095895e-01   0.0000000e+00  -4.0427496e-02
  -7.4212677e-01   0.0000000e+00  -4.0294347e-02
  -7.4329233e-01   0.0000000e+00  -4.0161008e-02
  -7.4445565e-01   0.0000000e+00  -4.0027482e-02
  -7.4561671e-01   0.0000000e+00  -3.9893773e-02
  -7.4677552e-01   0.0000000e+00  -3.9759882e-02
  -7.4793205e-01   0.0000000e+00  -3.9625814e-02
  -7.4908633e-01   0.0000000e+00  -3.9491571e-02
  -7.5023833e-01   0.0000000e+00  -3.9357156e-02
  -7.5138806e-01   0.0000000e+00  -3.9222572e-02
  -7.5253552e-01   0.0000000e+00  -3.9087823e-02
  -7.5368069e-01   0.0000000e+00  -3.8952911e-02
  -7.5482358e-01   0.0000000e+00  -3.8817839e-02
  -7.5596418e-01   0.0000000e+00  -3.8682610e-02
  -7.5710250e-01   0.0000000e+00  -3.8547228e-02
  -7.5823851e-01   0.0000000e+00  -3.8411695e-02
  -7.5937224e-01   0.0000000e+00  -3.8276014e-02
  -7.6050366e-01   0.0000000e+00  -3.8140189e-02
  -7.6163277e-01   0.0000000e+00  -3.8004222e-02
  -7.6275958e-01   0.0000000e+00  -3.7868116e-02
  -7.6388408e-01   0.0000000e+00  -3.7731875e-02
  -7.6500626e-01   0.0000000e+00  -3.7595501e-02
  -7.6612613e-01   0.0000000e+00  -3.7458998e-02
  -7.6724367e-01   0.0000000e+00  -3.7322368e-02
  -7.6835889e-01   0.0000000e+00  -3.7185614e-02
  -7.6947178e-01   0.0000000e+00  -3.7048739e-02
  -7.7058234e-01   0.0000000e+00  -3.6911747e-02
  -7.7169057e-01   0.0000000e+00  -3.6774641e-02
  -7.7279645e-01   0.0000000e+00  -3.6637422e-02
  -7.7390000e-01   0.0000000e+00  -3.6500095e-02
  -7.7500120e-01   0.0000000e+00  -3.6362663e-02
  -7.7610005e-01   0.0000000e+00  -3.6225127e-02
  -7.7719655e-01   0.0000000e+00  -3.6087492e-02
  -7.7829070e-01   0.0000000e+00  -3.5949760e-02
  -7.7938249e-01   0.0000000e+00  -3.5811935e-02
  -7.8047191e-01   0.0000000e+00  -3.5674018e-02
  -7.8155898e-01   0.0000000e+00  -3.5536014e-02
  -7.8264367e-01   0.0000000e+00  -3.5397925e-02
  -7.8372599e-01   0.0000000e+00  -3.5259754e-02
  -7.8480594e-01   0.0000000e+00  -3.5121505e-02
  -7.8588351e-01   0.0000000e+00  -3.4983179e-02
  -7.8695870e-01   0.0000000e+00  -3.4844781e-02
  -7.8803150e-01   0.0000000e+00  -3.4706312e-02
  -7.8910192e-01   0.0000000e+00  -3.4567777e-02
  -7.9016994e-01   0.0000000e+00  -3.4429177e-02
  -7.9123558e-01   0.0000000e+00  -3.4290516e-02
  -7.9229881e-01   0.0000000e+00  -3.4151798e-02
  -7.9335964e-01   0.0000000e+00  -3.4013024e-02
  -7.9441807e-01   0.0000000e+00  -3.3874197e-02
  -7.9547410e-01   0.0000000e+00  -3.3735322e-02
  -7.9652771e-01   0.0000000e+00  -3.3596400e-02
  -7.9757891e-01   0.0000000e+00  -3.3457435e-02
  -7.9862769e-01   0.0000000e+00  -3.3318429e-02
  -7.9967405e-01   0.0000000e+00  -3.3179386e-02
  -8.0071799e-01   0.0000000e+00  -3.3040308e-02
  -8.0175951e-01   0.0000000e+00  -3.2901198e-02
  -8.0279859e-01   0.0000000e+00  -3.2762060e-02
  -8.0383524e-01   0.0000000e+00  -3.2622896e-02
  -8.0486946e-01   0.0000000e+00  -3.2483709e-02
  -8.0590124e-01   0.0000000e+00  -3.2344501e-02
  -8.0693058e-01   0.0000000e+00  -3.2205277e-02
  -8.0795747e-01   0.0000000e+00  -3.2066039e-02
  -8.0898191e-01   0.0000000e+00  -3.1926789e-02
  -8.1000390e-01   0.0000000e+00  -3.1787532e-02
  -8.1102344e-01   0.0000000e+00  -3.1648268e-02
  -8.1204052e-01   0.0000000e+00  -3.1509002e-02
  -8.1305514e-01   0.0000000e+00  -3.1369737e-02
  -8.1406730e-01   0.0000000e+00  -3.1230475e-02
  -8.1507699e-01   0.0000000e+00  -3.1091219e-02
  -8.1608421e-01   0.0000000e+00  -3.0951972e-02
  -8.1708896e-01   0.0000000e+00  -3.0812736e-02
  -8.1809123e-01   0.0000000e+00  -3.0673516e-02
  -8.1909102e-01   0.0000000e+00  -3.0534313e-02
  -8.2008833e-01   0.0000000e+00  -3.0395131e-02
  -8.2108316e-01   0.0000000e+00  -3.0255972e-02
  -8.2207550e-01   0.0000000e+00  -3.0116840e-02
  -8.2306535e-01   0.0000000e+00  -2.9977737e-02
  -8.2405270e-01   0.0000000e+00  -2.9838665e-02
  -8.2503756e-01   0.0000000e+00  -2.9699629e-02
  -8.2601992e-01   0.0000000e+00  -2.9560630e-02
  -8.2699977e-01   0.0000000e+00  -2.9421672e-02
  -8.2797712e-01   0.0000000e+00  -2.9282757e-02
  -8.2895197e-01   0.0000000e+00  -2.9143889e-02
  -8.2992429e-01   0.0000000e+00  -2.9005069e-02
  -8.3089411e-01   0.0000000e+00  -2.8866302e-02
  -8.3186141e-01   0.0000000e+00  -2.8727589e-02
  -8.3282618e-01   0.0000000e+00  -2.8588934e-02
  -8.3378844e-01   0.0000000e+00  -2.8450339e-02
  -8.3474816e-01   0.0000000e+00  -2.8311808e-02
  -8.3570536e-01   0.0000000e+00  -2.8173342e-02
  -8.3666003e-01   0.0000000e+00  -2.8034945e-02
  -8.3761216e-01   0.0000000e+00  -2.7896620e-02
  -8.3856175e-01   0.0000000e+00  -2.7758370e-02
  -8.3950880e-01   0.0000000e+00  -2.7620196e-02
  -8.4045331e-01   0.0000000e+00  -2.7482103e-02
  -8.4139527e-01   0.0000000e+00  -2.7344092e-02
  -8.4233469e-01   0.0000000e+00  -2.7206167e-02
  -8.4327155e-01   0.0000000e+00  -2.7068331e-02
  -8.4420585e-01   0.0000000e+00  -2.6930585e-02
  -8.4513760e-01   0.0000000e+00  -2.6792934e-02
  -8.4606679e-01   0.0000000e+00  -2.6655379e-02
  -8.4699341e-01   0.0000000e+00  -2.6517923e-02
  -8.4791747e-01   0.0000000e+00  -2.6380570e-02
  -8.4883895e-01   0.0000000e+00  -2.6243322e-02
  -8.4975787e-01   0.0000000e+00  -2.6106182e-02
  -8.5067421e-01   0.0000000e+00  -2.5969152e-02
  -8.5158798e-01   0.0000000e+00  -2.5832235e-02
  -8.5249916e-01   0.0000000e+00  -2.5695434e-02
  -8.5340776e-01   0.0000000e+00  -2.5558752e-02
  -8.5431377e-01   0.0000000e+00  -2.5422191e-02
  -8.5521720e-01   0.0000000e+00  -2.5285754e-02
  -8.5611804e-01   0.0000000e+00  -2.5149444e-02
  -8.5701628e-01   0.0000000e+00  -2.5013264e-02
  -8.5791192e-01   0.0000000e+00  -2.4877216e-02
  -8.5880497e-01   0.0000000e+00  -2.4741303e-02
  -8.5969541e-01   0.0000000e+00  -2.4605527e-02
  -8.6058325e-01   0.0000000e+00  -2.4469892e-02
  -8.6146848e-01   0.0000000e+00  -2.4334400e-02
  -8.6235110e-01   0.0000000e+00  -2.4199053e-02
  -8.6323111e-01   0.0000000e+00  -2.4063855e-02
  -8.6410850e-01   0.0000000e+00  -2.3928808e-02
  -8.6498328e-01   0.0000000e+00  -2.3793915e-02
  -8.6585543e-01   0.0000000e+00  -2.3659178e-02
  -8.6672496e-01   0.0000000e+00  -2.3524600e-02
  -8.6759186e-01   0.0000000e+00  -2.3390184e-02
  -8.6845614e-01   0.0000000e+00  -2.3255932e-02
  -8.6931778e-01   0.0000000e+00  -2.3121847e-02
  -8.7017679e-01   0.0000000e+00  -2.2987931e-02
  -8.7103317e-01   0.0000000e+00  -2.2854188e-02
  -8.7188690e-01   0.0000000e+00  -2.2720620e-02
  -8.7273799e-01   0.0000000e+00  -2.2587229e-02
  -8.7358644e-01   0.0000000e+00  -2.2454018e-02
  -8.7443224e-01   0.0000000e+00  -2.2320990e-02
  -8.7527539e-01   0.0000000e+00  -2.2188147e-02
  -8.7611589e-01   0.0000000e+00  -2.2055492e-02
  -8.7695374e-01   0.0000000e+00  -2.1923028e-02
  -8.7778893e-01   0.0000000e+00  -2.1790757e-02
  -8.7862146e-01   0.0000000e+00  -2.1658681e-02
  -8.7945132e-01   0.0000000e+00  -2.1526803e-02
  -8.8027853e-01   0.0000000e+00  -2.1395127e-02
  -8.8110306e-01   0.0000000e+00  -2.1263653e-02
  -8.8192493e-01   0.0000000e+00  -2.1132386e-02
  -8.8274412e-01   0.0000000e+00  -2.1001327e-02
  -8.8356064e-01   0.0000000e+00  -2.0870479e-02
  -8.8437448e-01   0.0000000e+00  -2.0739844e-02
  -8.8518564e-01   0.0000000e+00  -2.0609426e-02
  -8.8599412e-01   0.0000000e+00  -2.0479226e-02
  -8.8679991e-01   0.0000000e+00  -2.0349247e-02
  -8.8760302e-01   0.0000000e+00  -2.0219492e-02
  -8.8840344e-01   0.0000000e+00  -2.0089963e-02
  -8.8920117e-01   0.0000000e+00  -1.9960662e-02
  -8.8999620e-01   0.0000000e+00  -1.9831593e-02
  -8.9078854e-01   0.0000000e+00  -1.9702758e-02
  -8.9157818e-01   0.0000000e+00  -1.9574158e-02
  -8.9236511e-01   0.0000000e+00  -1.9445797e-02
  -8.9314934e-01   0.0000000e+00  -1.9317677e-02
  -8.9393087e-01   0.0000000e+00  -1.9189801e-02
  -8.9470969e-01   0.0000000e+00  -1.9062170e-02
  -8.9548579e-01   0.0000000e+00  -1.8934789e-02
  -8.9625919e-01   0.0000000e+00  -1.8807657e-02
  -8.9702987e-01   0.0000000e+00  -1.8680780e-02
  -8.9779783e-01   0.0000000e+00  -1.8554158e-02
  -8.9856307e-01   0.0000000e+00  -1.8427794e-02
  -8.9932558e-01   0.0000000e+00  -1.8301691e-02
  -9.0008537e-01   0.0000000e+00  -1.8175851e-02
  -9.0084244e-01   0.0000000e+00  -1.8050276e-02
  -9.0159678e-01   0.0000000e+00  -1.7924969e-02
  -9.0234838e-01   0.0000000e+00  -1.7799932e-02
  -9.0309725e-01   0.0000000e+00  -1.7675168e-02
  -9.0384338e-01   0.0000000e+00  -1.7550679e-02
  -9.0458678e-01   0.0000000e+00  -1.7426467e-02
  -9.0532743e-01   0.0000000e+00  -1.7302535e-02
  -9.0606534e-01   0.0000000e+00  -1.7178885e-02
  -9.0680051e-01   0.0000000e+00  -1.7055520e-02
  -9.0753293e-01   0.0000000e+00  -1.6932441e-02
  -9.0826260e-01   0.0000000e+00  -1.6809651e-02
  -9.0898951e-01   0.0000000e+00  -1.6687153e-02
  -9.0971368e-01   0.0000000e+00  -1.6564949e-02
  -9.1043508e-01   0.0000000e+00  -1.6443041e-02
  -9.1115373e-01   0.0000000e+00  -1.6321431e-02
  -9.1186962e-01   0.0000000e+00  -1.6200122e-02
  -9.1258274e-01   0.0000000e+00  -1.6079116e-02
  -9.1329310e-01   0.0000000e+00  -1.5958415e-02
  -9.1400069e-01   0.0000000e+00  -1.5838022e-02
  -9.1470552e-01   0.0000000e+00  -1.5717939e-02
  -9.1540757e-01   0.0000000e+00  -1.5598167e-02
  -9.1610684e-01   0.0000000e+00  -1.5478711e-02
  -9.1680335e-01   0.0000000e+00  -1.5359571e-02
  -9.1749707e-01   0.0000000e+00  -1.5240750e-02
  -9.1818801e-01   0.0000000e+00  -1.5122250e-02
  -9.1887618e-01   0.0000000e+00  -1.5004073e-02
  -9.1956155e-01   0.0000000e+00  -1.4886223e-02
  -9.2024415e-01   0.0000000e+00  -1.4768700e-02
  -9.2092395e-01   0.0000000e+00  -1.4651507e-02
  -9.2160096e-01   0.0000000e+00  -1.4534646e-02
  -9.2227518e-01   0.0000000e+00  -1.4418120e-02
  -9.2294661e-01   0.0000000e+00  -1.4301930e-02
  -9.2361524e-01   0.0000000e+00  -1.4186079e-02
  -9.2428107e-01   0.0000000e+00  -1.4070570e-02
  -9.2494410e-01   0.0000000e+00  -1.3955403e-02
  -9.2560433e-01   0.0000000e+00  -1.3840582e-02
  -9.2626176e-01   0.0000000e+00  -1.3726108e-02
  -9.2691637e-01   0.0000000e+00  -1.3611984e-02
  -9.2756818e-01   0.0000000e+00  -1.3498212e-02
  -9.2821718e-01   0.0000000e+00  -1.3384793e-02
  -9.2886337e-01   0.0000000e+00  -1.3271731e-02
  -9.2950674e-01   0.0000000e+00  -1.3159026e-02
  -9.3014730e-01   0.0000000e+00  -1.3046682e-02
  -9.3078504e-01   0.0000000e+00  -1.2934701e-02
  -9.3141995e-01   0.0000000e+00  -1.2823084e-02
  -9.3205205e-01   0.0000000e+00  -1.2711833e-02
  -9.3268132e-01   0.0000000e+00  -1.2600951e-02
  -9.3330776e-01   0.0000000e+00  -1.2490439e-02
  -9.3393138e-01   0.0000000e+00  -1.2380301e-02
  -9.3455217e-01   0.0000000e+00  -1.2270537e-02
  -9.3517013e-01   0.0000000e+00  -1.2161149e-02
  -9.3578525e-01   0.0000000e+00  -1.2052141e-02
  -9.3639754e-01   0.0000000e+00  -1.1943514e-02
  -9.3700699e-01   0.0000000e+00  -1.1835269e-02
  -9.3761360e-01   0.0000000e+00  -1.1727410e-02
  -9.3821737e-01   0.0000000e+00  -1.1619937e-02
  -9.3881829e-01   0.0000000e+00  -1.1512853e-02
  -9.3941638e-01   0.0000000e+00  -1.1406161e-02
  -9.4001161e-01   0.0000000e+00  -1.1299861e-02
  -9.4060400e-01   0.0000000e+00  -1.1193956e-02
  -9.4119354e-01   0.0000000e+00  -1.1088447e-02
  -9.4178023e-01   0.0000000e+00  -1.0983338e-02
  -9.4236406e-01   0.0000000e+00  -1.0878629e-02
  -9.4294504e-01   0.0000000e+00  -1.0774323e-02
  -9.4352316e-01   0.0000000e+00  -1.0670422e-02
  -9.4409842e-01   0.0000000e+00  -1.0566927e-02
  -9.4467083e-01   0.0000000e+00  -1.0463840e-02
  -9.4524037e-01   0.0000000e+00  -1.0361164e-02
  -9.4580704e-01   0.0000000e+00  -1.0258900e-02
  -9.4637085e-01   0.0000000e+00  -1.0157050e-02
  -9.4693179e-01   0.0000000e+00  -1.0055616e-02
  -9.4748987e-01   0.0000000e+00  -9.9546000e-03
  -9.4804507e-01   0.0000000e+00  -9.8540038e-03
  -9.4859740e-01   0.0000000e+00  -9.7538291e-03
  -9.4914686e-01   0.0000000e+00  -9.6540778e-03
  -9.4969344e-01   0.0000000e+00  -9.5547519e-03
  -9.5023714e-01   0.0000000e+00  -9.4558530e-03
  -9.5077796e-01   0.0000000e+00  -9.3573831e-03
  -9.5131591e-01   0.0000000e+00  -9.2593439e-03
  -9.5185097e-01   0.0000000e+00  -9.1617372e-03
  -9.5238314e-01   0.0000000e+00  -9.0645649e-03
  -9.5291243e-01   0.0000000e+00  -8.9678287e-03
  -9.5343884e-01   0.0000000e+00  -8.8715304e-03
  -9.5396235e-01   0.0000000e+00  -8.7756718e-03
  -9.5448298e-01   0.0000000e+00  -8.6802546e-03
  -9.5500071e-01   0.0000000e+00  -8.5852806e-03
  -9.5551555e-01   0.0000000e+00  -8.4907515e-03
  -9.5602749e-01   0.0000000e+00  -8.3966691e-03
  -9.5653654e-01   0.0000000e+00  -8.3030350e-03
  -9.5704269e-01   0.0000000e+00  -8.2098511e-03
  -9.5754594e-01   0.0000000e+00  -8.1171190e-03
  -9.5804628e-01   0.0000000e+00  -8.0248403e-03
  -9.5854373e-01   0.0000000e+00  -7.9330169e-03
  -9.5903827e-01   0.0000000e+00  -7.8416503e-03
  -9.5952990e-01   0.0000000e+00  -7.7507423e-03
  -9.6001863e-01   0.0000000e+00  -7.6602945e-03
  -9.6050445e-01   0.0000000e+00  -7.5703086e-03
  -9.6098736e-01   0.0000000e+00  -7.4807861e-03
  -9.6146736e-01   0.0000000e+00  -7.3917288e-03
  -9.6194444e-01   0.0000000e+00  -7.3031383e-03
  -9.6241861e-01   0.0000000e+00  -7.2150162e-03
  -9.6288986e-01   0.0000000e+00  -7.1273641e-03
  -9.6335820e-01   0.0000000e+00  -7.0401835e-03
  -9.6382362e-01   0.0000000e+00  -6.9534762e-03
  -9.6428611e-01   0.0000000e+00  -6.8672436e-03
  -9.6474569e-01   0.0000000e+00  -6.7814874e-03
  -9.6520234e-01   0.0000000e+00  -6.6962091e-03
  -9.6565607e-01   0.0000000e+00  -6.6114102e-03
  -9.6610687e-01   0.0000000e+00  -6.5270923e-03
  -9.6655474e-01   0.0000000e+00  -6.4432570e-03
  -9.6699969e-01   0.0000000e+00  -6.3599058e-03
  -9.6744170e-01   0.0000000e+00  -6.2770401e-03
  -9.6788079e-01   0.0000000e+00  -6.1946615e-03
  -9.6831694e-01   0.0000000e+00  -6.1127715e-03
  -9.6875016e-01   0.0000000e+00  -6.0313716e-03
  -9.6918044e-01   0.0000000e+00  -5.9504632e-03
  -9.6960779e-01   0.0000000e+00  -5.8700478e-03
  -9.7003220e-01   0.0000000e+00  -5.7901270e-03
  -9.7045367e-01   0.0000000e+00  -5.7107021e-03
  -9.7087220e-01   0.0000000e+00  -5.6317745e-03
  -9.7128778e-01   0.0000000e+00  -5.5533458e-03
  -9.7170043e-01   0.0000000e+00  -5.4754173e-03
  -9.7211013e-01   0.0000000e+00  -5.3979904e-03
  -9.7251688e-01   0.0000000e+00  -5.3210667e-03
  -9.7292069e-01   0.0000000e+00  -5.2446473e-03
  -9.7332155e-01   0.0000000e+00  -5.1687338e-03
  -9.7371946e-01   0.0000000e+00  -5.0933275e-03
  -9.7411442e-01   0.0000000e+00  -5.0184298e-03
  -9.7450643e-01   0.0000000e+00  -4.9440420e-03
  -9.7489549e-01   0.0000000e+00  -4.8701655e-03
  -9.7528160e-01   0.0000000e+00  -4.7968016e-03
  -9.7566474e-01   0.0000000e+00  -4.7239516e-03
  -9.7604494e-01   0.0000000e+00  -4.6516169e-03
  -9.7642217e-01   0.0000000e+00  -4.5797988e-03
  -9.7679645e-01   0.0000000e+00  -4.5084985e-03
  -9.7716776e-01   0.0000000e+00  -4.4377174e-03
  -9.7753612e-01   0.0000000e+00  -4.3674567e-03
  -9.7790151e-01   0.0000000e+00  -4.2977178e-03
  -9.7826395e-01   0.0000000e+00  -4.2285018e-03
  -9.7862341e-01   0.0000000e+00  -4.1598100e-03
  -9.7897991e-01   0.0000000e+00  -4.0916437e-03
  -9.7933345e-01   0.0000000e+00  -4.0240040e-03
  -9.7968402e-01   0.0000000e+00  -3.9568923e-03
  -9.8003162e-01   0.0000000e+00  -3.8903097e-03
  -9.8037625e-01   0.0000000e+00  -3.8242574e-03
  -9.8071791e-01   0.0000000e+00  -3.7587366e-03
  -9.8105660e-01   0.0000000e+00  -3.6937485e-03
  -9.8139232e-01   0.0000000e+00  -3.6292943e-03
  -9.8172506e-01   0.0000000e+00  -3.5653751e-03
  -9.8205483e-01   0.0000000e+00  -3.5019921e-03
  -9.8238162e-01   0.0000000e+00  -3.4391464e-03
  -9.8270544e-01   0.0000000e+00  -3.3768391e-03
  -9.8302628e-01   0.0000000e+00  -3.3150714e-03
  -9.8334414e-01   0.0000000e+00  -3.2538445e-03
  -9.8365902e-01   0.0000000e+00  -3.1931592e-03
  -9.8397092e-01   0.0000000e+00  -3.1330169e-03
  -9.8427984e-01   0.0000000e+00  -3.0734186e-03
  -9.8458577e-01   0.0000000e+00  -3.0143652e-03
  -9.8488873e-01   0.0000000e+00  -2.9558580e-03
  -9.8518870e-01   0.0000000e+00  -2.8978979e-03
  -9.8548568e-01   0.0000000e+00  -2.8404860e-03
  -9.8577968e-01   0.0000000e+00  -2.7836233e-03
  -9.8607069e-01   0.0000000e+00  -2.7273109e-03
  -9.8635872e-01   0.0000000e+00  -2.6715497e-03
  -9.8664375e-01   0.0000000e+00  -2.6163408e-03
  -9.8692580e-01   0.0000000e+00  -2.5616851e-03
  -9.8720486e-01   0.0000000e+00  -2.5075837e-03
  -9.8748092e-01   0.0000000e+00  -2.4540375e-03
  -9.8775399e-01   0.0000000e+00  -2.4010474e-03
  -9.8802407e-01   0.0000000e+00  -2.3486144e-03
  -9.8829116e-01   0.0000000e+00  -2.2967395e-03
  -9.8855525e-01   0.0000000e+00  -2.2454236e-03
  -9.8881635e-01   0.0000000e+00  -2.1946676e-03
  -9.8907445e-01   0.0000000e+00  -2.1444724e-03
  -9.8932955e-01   0.0000000e+00  -2.0948389e-03
  -9.8958166e-01   0.0000000e+00  -2.0457681e-03
  -9.8983077e-01   0.0000000e+00  -1.9972607e-03
  -9.9007688e-01   0.0000000e+00  -1.9493177e-03
  -9.9031999e-01   0.0000000e+00  -1.9019399e-03
  -9.9056010e-01   0.0000000e+00  -1.8551281e-03
  -9.9079720e-01   0.0000000e+00  -1.8088833e-03
  -9.9103131e-01   0.0000000e+00  -1.7632062e-03
  -9.9126241e-01   0.0000000e+00  -1.7180977e-03
  -9.9149051e-01   0.0000000e+00  -1.6735585e-03
  -9.9171561e-01   0.0000000e+00  -1.6295894e-03
  -9.9193770e-01   0.0000000e+00  -1.5861913e-03
  -9.9215678e-01   0.0000000e+00  -1.5433650e-03
  -9.9237286e-01   0.0000000e+00  -1.5011111e-03
  -9.9258593e-01   0.0000000e+00  -1.4594304e-03
  -9.9279600e-01   0.0000000e+00  -1.4183238e-03
  -9.9300305e-01   0.0000000e+00  -1.3777918e-03
  -9.9320710e-01   0.0000000e+00  -1.3378353e-03
  -9.9340814e-01   0.0000000e+00  -1.2984550e-03
  -9.9360617e-01   0.0000000e+00  -1.2596516e-03
  -9.9380119e-01   0.0000000e+00  -1.2214257e-03
  -9.9399319e-01   0.0000000e+00  -1.1837780e-03
  -9.9418219e-01   0.0000000e+00  -1.1467093e-03
  -9.9436817e-01   0.0000000e+00  -1.1102202e-03
  -9.9455114e-01   0.0000000e+00  -1.0743112e-03
  -9.9473110e-01   0.0000000e+00  -1.0389832e-03
  -9.9490804e-01   0.0000000e+00  -1.0042367e-03
  -9.9508197e-01   0.0000000e+00  -9.7007226e-04
  -9.9525288e-01   0.0000000e+00  -9.3649059e-04
  -9.9542078e-01   0.0000000e+00  -9.0349225e-04
  -9.9558566e-01   0.0000000e+00  -8.7107785e-04
  -9.9574753e-01   0.0000000e+00  -8.3924795e-04
  -9.9590638e-01   0.0000000e+00  -8.0800312e-04
  -9.9606221e-01   0.0000000e+00  -7.7734392e-04
  -9.9621502e-01   0.0000000e+00  -7.4727091e-04
  -9.9636481e-01   0.0000000e+00  -7.1778461e-04
  -9.9651159e-01   0.0000000e+00  -6.8888555e-04
  -9.9665535e-01   0.0000000e+00  -6.6057425e-04
  -9.9679608e-01   0.0000000e+00  -6.3285121e-04
  -9.9693380e-01   0.0000000e+00  -6.0571693e-04
  -9.9706849e-01   0.0000000e+00  -5.7917190e-04
  -9.9720017e-01   0.0000000e+00  -5.5321658e-04
  -9.9732882e-01   0.0000000e+00  -5.2785144e-04
  -9.9745445e-01   0.0000000e+00  -5.0307693e-04
  -9.9757706e-01   0.0000000e+00  -4.7889349e-04
  -9.9769665e-01   0.0000000e+00  -4.5530156e-04
  -9.9781321e-01   0.0000000e+00  -4.3230155e-04
  -9.9792675e-01   0.0000000e+00  -4.0989388e-04
  -9.9803727e-01   0.0000000e+00  -3.8807895e-04
  -9.9814476e-01   0.0000000e+00  -3.6685713e-04
  -9.9824923e-01   0.0000000e+00  -3.4622883e-04
  -9.9835067e-01   0.0000000e+00  -3.2619439e-04
  -9.9844909e-01   0.0000000e+00  -3.0675418e-04
  -9.9854449e-01   0.0000000e+00  -2.8790854e-04
  -9.9863686e-01   0.0000000e+00  -2.6965782e-04
  -9.9872620e-01   0.0000000e+00  -2.5200233e-04
  -9.9881252e-01   0.0000000e+00  -2.3494239e-04
  -9.9889581e-01   0.0000000e+00  -2.1847830e-04
  -9.9897607e-01   0.0000000e+00  -2.0261036e-04
  -9.9905331e-01   0.0000000e+00  -1.8733885e-04
  -9.9912752e-01   0.0000000e+00  -1.7266405e-04
  -9.9919870e-01   0.0000000e+00  -1.5858621e-04
  -9.9926685e-01   0.0000000e+00  -1.4510558e-04
  -9.9933198e-01   0.0000000e+00  -1.3222241e-04
  -9.9939408e-01   0.0000000e+00  -1.1993692e-04
  -9.9945315e-01   0.0000000e+00  -1.0824934e-04
  -9.9950920e-01   0.0000000e+00  -9.7159869e-05
  -9.9956221e-01   0.0000000e+00  -8.6668707e-05
  -9.9961220e-01   0.0000000e+00  -7.6776041e-05
  -9.9965916e-01   0.0000000e+00  -6.7482047e-05
  -9.9970308e-01   0.0000000e+00  -5.8786891e-05
  -9.9974398e-01   0.0000000e+00  -5.0690729e-05
  -9.9978186e-01   0.0000000e+00  -4.3193703e-05
  -9.9981670e-01   0.0000000e+00  -3.6295948e-05
  -9.9984851e-01   0.0000000e+00  -2.9997586e-05
  -9.9987729e-01   0.0000000e+00  -2.4298730e-05
  -9.9990304e-01   0.0000000e+00  -1.9199481e-05
  -9.9992577e-01   0.0000000e+00  -1.4699930e-05
  -9.9994546e-01   0.0000000e+00  -1.0800157e-05
  -9.9996213e-01   0.0000000e+00  -7.5002313e-06
  -9.9997576e-01   0.0000000e+00  -4.8002121e-06
  -9.9998637e-01   0.0000000e+00  -2.7001474e-06
  -9.9999394e-01   0.0000000e+00  -1.2000744e-06
  -9.9999849e-01   0.0000000e+00  -3.0001994e-07
  -1.0000000e+00   0.0000000e+00  -0.0000000e+00
  -1.0000000e+00   0.0000000e+00  -0.0000000e+00
