102
  -1.0000000e+00   0.0000000e+00  -0.0000000e+00
  -1.0000000e+00   0.0000000e+00  -1.2600000e-03
  -9.9975300e-01   0.0000000e+00  -1.3280000e-03
  -9.9901300e-01   0.0000000e+00  -1.5300000e-03
  -9.9778100e-01   0.0000000e+00  -1.8660000e-03
  -9.9605700e-01   0.0000000e+00  -2.3360000e-03
  -9.9384400e-01   0.0000000e+00  -2.9370000e-03
  -9.9114400e-01   0.0000000e+00  -3.6680000e-03
  -9.8795800e-01   0.0000000e+00  -4.5270000e-03
  -9.8429200e-01   0.0000000e+00  -5.5100000e-03
  -9.8014700e-01   0.0000000e+00  -6.6150000e-03
  -9.7552800e-01   0.0000000e+00  -7.8390000e-03
  -9.7044000e-01   0.0000000e+00  -9.1770000e-03
  -9.6488800e-01   0.0000000e+00  -1.0627000e-02
  -9.5887700e-01   0.0000000e+00  -1.2182000e-02
  -9.5241400e-01   0.0000000e+00  -1.3840000e-02
  -9.4550300e-01   0.0000000e+00  -1.5594000e-02
  -9.3815300e-01   0.0000000e+00  -1.7440000e-02
  -9.3037100e-01   0.0000000e+00  -1.9373000e-02
  -9.2216400e-01   0.0000000e+00  -2.1386000e-02
  -9.1354000e-01   0.0000000e+00  -2.3475000e-02
  -9.0450800e-01   0.0000000e+00  -2.5633000e-02
  -8.9507800e-01   0.0000000e+00  -2.7855000e-02
  -8.8525700e-01   0.0000000e+00  -3.0134000e-02
  -8.7505600e-01   0.0000000e+00  -3.2463000e-02
  -8.6448400e-01   0.0000000e+00  -3.4838000e-02
  -8.5355300e-01   0.0000000e+00  -3.7251000e-02
  -8.4227400e-01   0.0000000e+00  -3.9695000e-02
  -8.3065600e-01   0.0000000e+00  -4.2166000e-02
  -8.1871200e-01   0.0000000e+00  -4.4655000e-02
  -8.0645400e-01   0.0000000e+00  -4.7158000e-02
  -7.9389300e-01   0.0000000e+00  -4.9666000e-02
  -7.8104200e-01   0.0000000e+00  -5.2175000e-02
  -7.6791300e-01   0.0000000e+00  -5.4677000e-02
  -7.5452100e-01   0.0000000e+00  -5.7166000e-02
  -7.4087700e-01   0.0000000e+00  -5.9636000e-02
  -7.2699500e-01   0.0000000e+00  -6.2082000e-02
  -7.1289000e-01   0.0000000e+00  -6.4496000e-02
  -6.9857400e-01   0.0000000e+00  -6.6873000e-02
  -6.8406200e-01   0.0000000e+00  -6.9206000e-02
  -6.6936900e-01   0.0000000e+00  -7.1491000e-02
  -6.5450800e-01   0.0000000e+00  -7.3720000e-02
  -6.3949600e-01   0.0000000e+00  -7.5890000e-02
  -6.2434500e-01   0.0000000e+00  -7.7993000e-02
  -6.0907200e-01   0.0000000e+00  -8.0025000e-02
  -5.9369100e-01   0.0000000e+00  -8.1980000e-02
  -5.7821700e-01   0.0000000e+00  -8.3854000e-02
  -5.6266700e-01   0.0000000e+00  -8.5641000e-02
  -5.4705400e-01   0.0000000e+00  -8.7337000e-02
  -5.3139500e-01   0.0000000e+00  -8.8936000e-02
  -5.1570500e-01   0.0000000e+00  -9.0435000e-02
  -5.0000000e-01   0.0000000e+00  -9.1829000e-02
  -4.8429500e-01   0.0000000e+00  -9.3114000e-02
  -4.6860500e-01   0.0000000e+00  -9.4287000e-02
  -4.5294600e-01   0.0000000e+00  -9.5344000e-02
  -4.3733300e-01   0.0000000e+00  -9.6281000e-02
  -4.2178300e-01   0.0000000e+00  -9.7095000e-02
  -4.0630900e-01   0.0000000e+00  -9.7785000e-02
  -3.9092800e-01   0.0000000e+00  -9.8335000e-02
  -3.7565500e-01   0.0000000e+00  -9.8695000e-02
  -3.6050400e-01   0.0000000e+00  -9.8861000e-02
  -3.4549200e-01   0.0000000e+00  -9.8832000e-02
  -3.3063100e-01   0.0000000e+00  -9.8609000e-02
  -3.1593800e-01   0.0000000e+00  -9.8193000e-02
  -3.0142600e-01   0.0000000e+00  -9.7587000e-02
  -2.8711000e-01   0.0000000e+00  -9.6794000e-02
  -2.7300500e-01   0.0000000e+00  -9.5816000e-02
  -2.5912300e-01   0.0000000e+00  -9.4658000e-02
  -2.4547900e-01   0.0000000e+00  -9.3323000e-02
  -2.3208700e-01   0.0000000e+00  -9.1818000e-02
  -2.1895800e-01   0.0000000e+00  -9.0146000e-02
  -2.0610700e-01   0.0000000e+00  -8.8316000e-02
  -1.9354600e-01   0.0000000e+00  -8.6332000e-02
  -1.8128800e-01   0.0000000e+00  -8.4201000e-02
  -1.6934400e-01   0.0000000e+00  -8.1933000e-02
  -1.5772600e-01   0.0000000e+00  -7.9533000e-02
  -1.4644700e-01   0.0000000e+00  -7.7011000e-02
  -1.3551600e-01   0.0000000e+00  -7.4375000e-02
  -1.2494400e-01   0.0000000e+00  -7.1633000e-02
  -1.1474300e-01   0.0000000e+00  -6.8795000e-02
  -1.0492200e-01   0.0000000e+00  -6.5870000e-02
  -9.5492000e-02   0.0000000e+00  -6.2868000e-02
  -8.6460000e-02   0.0000000e+00  -5.9797000e-02
  -7.7836000e-02   0.0000000e+00  -5.6668000e-02
  -6.9629000e-02   0.0000000e+00  -5.3490000e-02
  -6.1847000e-02   0.0000000e+00  -5.0272000e-02
  -5.4497000e-02   0.0000000e+00  -4.7023000e-02
  -4.7586000e-02   0.0000000e+00  -4.3754000e-02
  -4.1123000e-02   0.0000000e+00  -4.0472000e-02
  -3.5112000e-02   0.0000000e+00  -3.7187000e-02
  -2.9560000e-02   0.0000000e+00  -3.3906000e-02
  -2.4472000e-02   0.0000000e+00  -3.0638000e-02
  -1.9853000e-02   0.0000000e+00  -2.7390000e-02
  -1.5708000e-02   0.0000000e+00  -2.4168000e-02
  -1.2042000e-02   0.0000000e+00  -2.0980000e-02
  -8.8560000e-03   0.0000000e+00  -1.7830000e-02
  -6.1560000e-03   0.0000000e+00  -1.4725000e-02
  -3.9430000e-03   0.0000000e+00  -1.1669000e-02
  -2.2190000e-03   0.0000000e+00  -8.6650000e-03
  -9.8700000e-04   0.0000000e+00  -5.7180000e-03
  -2.4700000e-04   0.0000000e+00  -2.8290000e-03
  -0.0000000e+00   0.0000000e+00  -0.0000000e+00
